40.1227
40.2323
40.1226
38.2392
40.904
36.8934
40.8451
41.3657
37.3717
37.7619
39.3577
35.6173
39.3901
40.2564
38.5957
38.7394
38.5772
42.9674
37.7408
39.6136
38.4576
39.0212
39.39
39.8646
38.6496
38.3796
36.4251
37.3536
36.0637
38.7217
39.54
40.6672
40.116
39.391
39.3562
38.5608
39.052
38.9204
40.3474
39.614
40.3199
39.8577
40.1263
40.6119
40.4617
40.512
39.6638
40.623
40.2515
40.3782
40.6613
39.4588
40.3022
39.2558
38.7743
39.8003
39.7843
39.885
43.6701
33.168
36.375
37.6568
40.2353
39.8221
41.845
38.9121
36.901
41.1211
41.3044
40.7788
41.199
41.3518
40.3279
19.9736
40.1959
37.673
40.3533
36.0768
36.9
39.5402
23.2757
38.7344
40.496
28.0678
36.8192
37.3103
40.288
41.0991
36.4618
39.8294
43.7956
40.2972
41.2253
40.867
40.1823
40.415
39.1779
40.8427
41.0066
40.0952
40.0226
34.7404
40.5994
40.7103
39.1002
40.9166
40.5385
41.6245
39.851
40.5475
39.1589
40.6123
41.5513
40.7192
41.3544
40.6295
39.8042
39.5665
40.3486
41.3141
39.8885
39.766
41.3505
35.5038
40.89
37.6198
41.008
39.7341
39.5104
39.0273
40.6195
41.0841
41.1847
41.7806
