26.3323
26.3042
26.3755
26.9072
26.0733
27.1965
26.128
25.7266
27.2136
27.0931
26.6251
27.5446
26.6018
26.3547
26.7735
26.7733
26.8117
24.9188
27.103
26.5084
26.912
26.6836
26.5676
26.4697
26.8066
26.8515
27.4215
27.1485
27.5737
26.7211
26.6024
26.1823
26.3879
26.6506
26.5863
26.8742
26.6674
26.769
26.3702
26.5538
26.3451
26.4899
26.441
26.2483
26.2692
26.3496
26.5596
26.36
26.3756
26.3555
26.1737
26.7308
26.325
26.6452
26.8097
26.5072
26.5205
26.4374
24.6025
27.8747
27.475
27.0027
26.3138
26.4545
25.9193
26.8976
27.1629
26.1297
26.146
26.1789
26.1041
25.9333
26.413
25.7138
26.3046
27.235
26.2657
27.6005
27.1837
26.7021
27.1445
26.7792
26.2686
27.9093
27.1873
27.123
26.2884
26.1105
27.3387
26.429
24.6051
26.2823
26.0282
26.0537
26.3293
26.2206
26.6531
26.1335
26.0928
26.3837
26.3716
27.6453
26.1995
26.2031
26.647
26.0938
26.1804
25.9054
26.3631
26.2298
26.6648
26.1915
25.8445
26.1111
25.6682
26.1515
26.454
26.5166
26.3141
25.9373
26.4308
26.4421
25.8929
27.4966
26.1494
27.0778
26.0942
26.5017
26.5343
26.6764
26.2185
26.0263
26.0046
25.7984
