298262596
279940960
318774587
252809338
318020927
274532454
335555673
808302392
242106398
271406421
539212724
254783806
223673041
304265795
308322131
214749087
404051199
641035663
303837004
285171913
89912922
301972036
349230700
322174029
227593979
248508377
232611767
264825436
91190433
392504857
272477924
242682727
234491241
302410114
447872305
245125168
305012596
379950536
264629212
287860816
269802131
204048168
350838777
269771025
252922451
235383321
285384177
328706209
251925782
207304771
556301694
110256885
275225526
238594912
157888206
253753718
246132851
417794399
555971663
195554379
230596039
284861359
266462071
317272629
232354253
225290279
201143287
183571497
250265219
239211769
152919903
338230919
184628269
190711849
283556194
203374478
268626570
186339981
267152424
236492206
239891161
297875441
1089586239
362273741
261280220
272890874
310386759
206330965
177242364
244908636
339318715
294980527
195980406
503880462
285521559
267281576
255097465
243921828
232023889
146584830
228500560
183380197
309899599
298543994
199969912
242250319
581540060
178792710
130557602
294120019
345647006
269251194
291341640
282253899
460481249
562646533
225927853
287515124
208058935
374398562
263320312
246735197
411550749
244775722
461605536
213169493
231749573
173913472
202885989
267749218
230896282
283067076
262948600
226952484
