208224182
195841151
222341317
168649201
225957519
177152686
238030447
582133222
157779474
178862704
369454002
158802786
153467634
212836583
207731684
145110508
271969558
479655187
200015554
196704524
60311522
205408417
239701798
223381352
153441766
166554266
147991101
172874743
57394120
265394889
187454029
171506801
163576245
207267363
307079835
164768858
207746485
257642819
185388216
198463283
189044451
141457966
244581217
190274463
177847197
165402338
196870321
231369858
176154549
145310826
393111603
75545120
192830562
163164559
106691620
175674631
170314858
290038648
422324410
113779570
146393148
187668520
186504466
219913837
168054789
152335820
130105642
130798281
178752288
169333513
109139099
242723735
129199069
69066407
198337384
133398534
188560473
117169978
172648343
162329046
99663308
201230036
766512160
179924360
168594909
178006536
217558989
147023415
113184523
169883838
258089472
206821047
140132050
358038242
199553189
187978907
174152002
173005225
165136644
102213077
159193224
111826346
218636358
210997376
136336882
172164469
410086885
128918712
90676450
207255242
235850698
190093089
210033277
199885160
331918852
397511981
156565444
198185288
145906633
268465836
182808956
170883546
295495345
152350314
327626359
140090384
164913075
120259161
139670716
182200813
162940893
201913299
187968442
164328055
