174952363
164991767
187369046
139916982
191347212
145214474
201744176
489210636
131054753
147542007
309497848
129652061
128320359
179728390
172089481
120507872
225703696
404028847
165906215
164824089
50078847
171171175
200268188
187988974
127468859
137745435
121906247
142326730
47259210
219598717
157413662
144994287
137749720
174050445
256512126
136963356
172724485
215021767
157125783
166535924
159720267
118836396
206762709
161141237
150342943
140548499
165408143
197308872
149015457
123175281
332085821
63734803
162660490
136354967
88925674
147658732
143256704
243532326
357325246
90530984
120458328
153933258
156999642
184579471
144851566
128197497
105585826
111620575
153705331
143695973
93215799
206470340
109545764
43432224
166752576
111148022
158727554
96634752
140785376
137169546
71074210
167216831
648870915
136156730
137168201
146259518
183008430
125202854
91995035
142234797
219621381
173883703
119340539
301985680
167868269
158034706
145319375
146652030
140289084
85922650
133615206
89987100
184801880
178933119
113336560
145829432
345179165
110319419
75639813
174981281
196717075
160430700
178758843
168383870
276276792
334459673
131276990
165696201
123057090
228090506
153319159
143033624
250742736
123361009
277969772
115592354
140181339
100938951
116679549
151631611
137798462
171273905
159626235
140488511
