296866665
278962275
317473587
251755096
316867649
273114300
334468755
804889116
237052263
270608044
536927659
248409030
222874700
303402955
306951130
213384117
402687919
637657676
298258963
284016594
89537723
300612466
347382608
320716332
226585661
247334046
228240762
263577488
90682774
390758154
270938098
241606482
233494179
301084870
444307329
244074169
303600632
378136192
263348793
286586422
268697390
203077912
349564140
268516309
251944915
234271951
284053319
327359293
250723567
206364548
553643776
109699328
273782764
237393457
157255955
252346619
244939119
416075843
550485925
177378133
217299429
280040985
265417160
315749222
231406991
220501076
199158106
182607531
249284576
238260242
151948667
336457468
183857293
134891239
282194637
198480080
267270502
176464206
263342504
233078067
176789216
294055359
1085094777
304856697
257668345
263979825
308984691
205370461
174747637
243640602
336667112
293715381
195140307
501712367
283619761
265993350
253146176
242916970
231196872
145929981
227483388
178398382
308666767
297162895
198754001
241310428
579075147
178093761
129769675
292725718
344287829
268231056
290246081
281042138
450806267
559024158
225024281
286329091
207160465
373003052
262113079
245713604
409875541
236928273
460081236
209259798
230819020
173058406
201728501
266381056
230021393
281672889
261908485
226075511
