"c" "real.starts" "ends" "z.fst"
1 27676988 27776988 5.23909141267346
1 61876988 61976988 5.61449211390185
1 61926988 62026988 6.89215239585083
1 62176988 62276988 6.22175292844594
2 14652010 14752010 5.17903752292957
5 25222330 25322330 6.12333162358039
5 25272330 25372330 6.37874154366954
6 28567326 28667326 7.51985875238235
6 28617326 28717326 8.25235582940255
8 18275812 18375812 6.24604753025889
8 26025812 26125812 5.58849343323853
8 35875812 35975812 5.05101081069756
8 44225812 44325812 5.59771237047651
8 44275812 44375812 6.23762656045398
9 30550517 30650517 6.37210423099442
9 30600517 30700517 5.63381108209817
9 69550517 69650517 5.52336399944515
9 69600517 69700517 6.04318670766286
11 55009351 55109351 6.74450640653986
12 34924165 35024165 5.26877199540476
13 45486713 45586713 5.29337933881668
13 62686713 62786713 6.44296382755618
14 20610419 20710419 5.26798992398663
14 31410419 31510419 5.38319065820103
15 54197434 54297434 5.15268173372825
16 68550317 68650317 5.59108990708904
16 76050317 76150317 6.16967067494363
18 4251520 4351520 5.83135753527394
18 44001520 44101520 7.43638099785481
18 44051520 44151520 5.13995760139684
22 37353460 37453460 6.71644106659817
22 37403460 37503460 5.94749483542741
25 603769 703769 5.25695383886176
