"c" "z.fst"
1 5.25646476836378
1 6.36575476660068
1 6.23990931738209
1 6.54512069422257
1 5.40720474893815
1 6.25641046677447
1 6.69232273991884
1 5.33420720196114
1 5.66938046480052
1 5.30445722352006
1 5.44198522853403
1 5.70965211415511
1 6.11577755537008
1 5.41017145474738
1 5.58807245620882
1 5.10425986162895
1 5.30891649560599
1 5.30891649560599
1 5.62441920905802
1 5.21888342365607
1 5.12185740229865
1 6.74428615844091
1 5.28368106948331
1 5.60046444165424
1 5.29209287819087
1 5.03539911871514
1 5.03539911871514
1 5.0842944843351
1 5.02624102686923
1 5.09617052094413
1 6.35509489510599
1 5.73425181760439
1 6.71738311197204
1 5.3706184484149
1 5.15697877666143
1 5.42973144366978
1 5.68084189966602
1 5.77429313265702
1 5.03695617859638
1 5.05303351287316
1 5.18955726033058
1 5.73501652748689
1 5.36774387632645
1 5.63155957241877
1 5.02621338675299
1 5.19782165508489
1 5.0346896890651
1 5.21545604924291
1 5.28368106948331
1 5.11690982149256
1 5.03445935476314
1 5.05285845880367
1 5.33599459614435
1 5.33599459614435
1 5.65313728982633
1 5.42341107042402
1 5.72767346994042
1 7.08263803464732
1 5.4138291634625
1 5.23993597885516
1 5.33599459614435
1 5.07234474074944
1 6.00626741484646
1 7.05197593237047
1 5.75885152105366
1 5.75885152105366
1 7.22211927454191
1 6.23398511913569
1 6.24081222784577
1 6.57389405522335
1 5.82574060234269
1 6.48422030478448
1 6.59621805576927
1 5.83277961861058
1 6.23398511913569
1 5.82098650235025
1 6.11786899083188
1 6.01949781715102
1 6.01257857472016
1 6.01949781715102
1 6.03643199503108
1 5.83245715058783
1 6.43591459497754
1 7.05840686608118
1 5.11735206335232
1 5.96027426143119
1 5.4138291634625
1 6.86871274835942
1 7.37963108359388
1 7.21581732804029
1 6.19422020524541
1 6.24081222784577
1 7.05840686608118
1 6.59621805576927
1 6.44588346356635
1 6.21862642788104
1 6.23398511913569
1 6.23398511913569
1 5.81869237270274
1 5.17347071268173
1 7.22211927454191
1 5.4904936325267
1 5.568816508565
1 7.22211927454191
1 7.22211927454191
1 7.22211927454191
1 7.22211927454191
1 6.74428615844091
1 7.22211927454191
1 7.37963108359388
1 7.05197593237047
1 7.22211927454191
1 7.02274190276577
1 6.90122673842402
1 6.90122673842402
1 7.05840686608118
1 7.05840686608118
1 7.19693912865169
1 5.2674931747416
1 5.29240613284154
1 5.58596259400287
1 5.90178777547764
1 6.06161214092129
1 5.77896431230076
1 5.65275954157112
1 5.58596259400287
1 5.86748639122983
1 5.75277069548193
1 5.32921355429466
1 5.23988991199477
1 5.40355625359511
1 6.00401013868726
1 6.00401013868726
1 5.64788566774166
1 5.60816682071176
1 6.03944476770071
1 6.00401013868726
1 5.89283237781745
1 5.76424134371951
1 5.76424134371951
1 5.24188921373578
1 5.76424134371951
1 5.53473624524708
1 5.54739541848277
1 6.1657140320349
1 6.74908632529374
1 6.31242776901102
1 5.90492953535637
1 5.21888342365607
1 5.21888342365607
1 5.64557311134998
1 5.64557311134998
1 5.24619185849638
1 5.24619185849638
1 5.24619185849638
1 5.23320100386587
1 6.38409859040873
1 5.53254346269242
1 5.29204681133048
1 5.00432241469476
1 5.05371530240696
1 5.18883861730847
1 5.50895723017177
1 5.21458999226754
1 5.22946037480205
1 5.66033293341955
1 5.71632259553986
1 5.01131536410225
1 5.03129916814026
1 5.02558687745166
1 5.28368106948331
1 5.18863592312275
1 5.27526004740367
1 5.01773708444088
1 5.11690982149256
1 5.59656718526508
1 5.07914420934328
1 5.05303351287316
1 5.26832237822865
1 5.36310955017102
1 5.15438060573533
1 5.45193567037868
1 5.63965812647566
1 5.26470152300185
1 5.45193567037868
1 5.11735206335232
1 5.93114157891936
1 5.2366375916511
1 5.18955726033058
1 5.02621338675299
1 5.27832810030577
1 5.0346896890651
1 5.02621338675299
1 5.42341107042402
1 5.0346896890651
1 5.24952709918876
1 5.16280162781497
1 5.05848782914356
1 5.24952709918876
1 5.24952709918876
1 5.07798332446141
1 5.63351280729938
1 5.24952709918876
1 5.02816662163361
1 5.11868800230369
1 5.0433410454467
1 5.31459193280627
1 5.11541725521586
1 5.41863854368741
1 5.27055201427162
1 5.4904936325267
1 5.4904936325267
1 5.42783348902164
1 5.9161237824316
1 5.28555138401522
1 5.20994645274004
1 5.28555138401522
1 6.49557117918505
1 6.23329411622982
1 5.21705917598455
1 5.27217356775741
1 5.08560278317023
1 5.05091443729513
1 5.45926951455307
1 5.12628903426835
1 5.67715655083467
1 5.57996468877984
1 5.29001065610116
1 5.88208037260199
1 5.02409431117497
1 5.03377756522934
1 5.21097835041282
1 5.10311740349123
1 5.40119763034304
1 5.43233882796797
1 5.45611854130226
1 5.6538743595926
1 5.23537535967637
1 5.22613434748175
1 6.41102006362176
1 6.02906129736838
1 5.25016282186217
1 5.6538743595926
1 5.02099861815663
1 5.05406541054593
1 5.88711087375678
1 5.6538743595926
1 5.42973144366978
1 5.57330342076717
1 5.07762400295035
1 5.01774629781296
1 5.04509158614159
1 5.76145890535184
1 5.33357147928774
1 5.42867190588077
1 5.38716566466767
1 5.44713550352584
1 5.34097903043875
1 5.13999853192098
1 5.28381005669241
1 5.23239944049505
1 5.37238741585395
1 5.30574709561103
1 5.30574709561103
1 5.12628903426835
1 5.47189183430045
1 5.52791834990908
1 5.22948801491828
1 5.46380249361563
1 5.35258787925751
1 5.35258787925751
1 5.30574709561103
1 5.73534820888171
1 5.32579539325358
1 5.10507063837184
1 5.15550463712889
1 5.46861187384055
1 5.89418674351298
1 5.6538743595926
1 5.97674777070734
2 5.07557584159448
2 5.4706486181037
2 5.07765474570104
2 5.1134460947563
2 5.28306127093046
2 5.57494480724161
2 5.06070852737791
2 5.0326748204865
2 5.18465980988689
2 5.31253491140217
2 5.42638865967931
2 5.51147973469
2 5.1442876721293
2 5.42348179376408
2 5.25296665910224
2 5.19207546782542
2 5.00334517337282
2 5.06627027083181
2 5.07412690842931
2 5.54775706132862
2 5.54040440048422
2 5.54775706132862
2 5.21965019588811
2 5.46114505647373
2 5.01892345479466
2 5.03029893007901
2 6.48601778225038
2 5.16076591203883
2 5.12487556754991
2 5.04024347136794
2 5.2987565469557
2 5.01347870594416
2 5.02106535599535
2 5.68048293909253
2 5.15254929104626
2 5.2987565469557
2 5.14433267005368
2 5.15254929104626
2 5.06074452571742
2 5.76298213365869
2 5.6157039271489
2 5.04417628995912
2 5.18757567538699
2 5.07280396945241
2 5.32086852699814
2 5.47680433415947
2 5.06868215957881
2 5.27576260759532
2 5.20342394435514
2 5.0326748204865
2 5.0326748204865
2 5.15434020843675
2 5.15254929104626
2 6.08725517594165
2 5.85866572006945
2 5.85866572006945
2 5.92523564940357
2 6.08725517594165
2 6.08725517594165
2 6.39711988283677
2 5.30675717791123
2 6.24213803167239
2 6.39711988283677
2 6.08725517594165
2 6.08725517594165
2 6.08725517594165
2 5.16190885931819
2 5.04649818285735
2 5.88381955980027
2 5.43344433422276
2 5.16190885931819
2 5.89943383956162
2 5.13920290667387
2 5.68849256963293
2 6.38842628384572
2 5.82777014518719
2 5.26981388199172
2 5.28286328006317
2 5.56267837305445
2 5.57505280226013
2 5.88938130325417
2 5.03610366232458
2 5.2987565469557
2 5.60809927792795
2 5.77552755497703
2 5.76298213365869
2 5.60809927792795
2 5.5465961148795
2 5.76298213365869
2 5.7704067911821
2 5.9935154998643
2 5.44554877588214
2 5.7057717725965
2 5.13794296479111
2 5.13794296479111
2 5.22975672970482
2 5.08267651406233
2 5.07447789223951
2 5.1147690337332
2 5.08170455889563
2 5.15039839026069
2 5.92144682417041
2 5.75359556663213
2 5.58610429248891
2 5.75359556663213
2 5.39733799969681
2 5.30675717791123
2 5.14433267005368
2 5.07820372037853
2 5.07820372037853
2 5.07820372037853
2 5.2987565469557
2 5.32642127086716
2 5.81310082183791
2 5.75359556663213
2 5.32642127086716
2 5.67056539655823
2 5.21065061101125
2 5.57902161919082
2 5.08893122555174
2 5.75359556663213
2 5.52028132869957
2 5.01030185248263
2 5.18148295642535
2 5.22630988869699
2 5.09038915830179
2 5.93068039825407
2 5.18681971025733
2 5.57072400193436
2 5.08693331770908
2 5.08157856470735
2 5.04417628995912
2 5.20390992193849
2 5.46801173973478
2 5.86582938963143
2 5.01776250834554
2 5.36033170668316
2 5.64105575774701
2 5.20376592858046
2 5.62421753444241
2 5.84810020742402
2 5.45972312206319
2 6.16355365652766
2 5.60809927792795
2 5.2268498637896
2 5.2268498637896
2 5.28999995087051
2 5.28999995087051
2 5.28286328006317
2 5.41174633508466
2 5.07990464192025
2 5.23534547191335
2 5.14433267005368
2 5.13611604906111
2 5.63092222517567
2 6.29765647077773
2 5.84433838094549
2 6.46199789021404
2 6.30368619264522
2 6.79718742895264
2 5.07268697484901
2 5.07268697484901
2 5.6655976257062
2 5.8094109920384
2 5.6655976257062
2 5.00391214722006
2 5.42555169828576
2 5.42555169828576
2 5.65407815706382
2 5.84810020742402
2 5.85485889566654
2 5.60309550873642
2 6.06347827269699
2 5.41396923254924
2 5.0759178258198
2 5.0759178258198
2 5.46766975550945
2 5.46766975550945
2 5.20757275298337
2 5.21116358734923
2 6.53825137287566
2 5.87407300937863
2 5.02106535599535
2 5.22227807467215
2 5.13922090584363
2 5.12487556754991
2 5.69869809888329
2 5.3612136660011
2 6.04362518845864
2 5.07317295243236
2 5.23784735650912
2 5.05201492838687
2 5.05201492838687
2 5.09354801259357
3 5.5040678321202
3 5.25242032739476
3 5.25830941284711
3 5.70184167720104
3 5.05661206018568
3 5.05661206018568
3 5.05661206018568
3 5.25056947196688
3 5.03717043003
3 5.1004207374208
3 5.45667216647319
3 5.59882092259959
3 5.30056551300843
3 5.14606497375795
3 5.5995857388921
3 5.13402676531381
3 5.13402676531381
3 5.94826548664862
3 5.78525254206247
3 5.92057913685966
3 5.94826548664862
3 5.12517784080943
3 5.12517784080943
3 5.44595709021509
3 5.28822137804728
3 5.13074570341893
3 5.12517784080943
3 5.12517784080943
3 5.12517784080943
3 5.44595709021509
3 6.06661315975202
3 5.28822137804728
3 5.29507413202819
3 5.29507413202819
3 5.14606497375795
3 5.92057913685966
3 5.42166652476489
3 5.15165578085622
3 6.1967313555972
3 5.44962056025622
3 5.33200711079363
3 5.15165578085622
3 6.32310959977199
3 5.44962056025622
3 5.44962056025622
3 5.5995857388921
3 6.04710269613003
3 5.45667216647319
3 6.1967313555972
3 5.89757346278088
3 5.56331050213823
3 5.75327557287252
3 5.75327557287252
3 5.87972265051363
3 5.89757346278088
3 6.18400481248979
3 5.42166652476489
3 5.76215509002859
3 5.14606497375795
3 5.75193714436062
3 5.75193714436062
3 5.2927337941731
3 5.60696621611485
3 5.46208706582418
3 5.76215509002859
3 5.78003649494753
3 5.25215264169238
3 5.45469129227558
3 5.45469129227558
3 5.90198645278868
3 5.62251493134163
3 5.41833192572953
3 5.76215509002859
3 5.17261939543399
3 6.05608928756705
3 5.62251493134163
3 5.57000264469771
3 5.51791100701468
3 5.17314711867583
3 5.41970859505605
3 5.2637243121981
3 5.03237503187595
3 5.00291430828836
3 5.00291430828836
3 5.17314711867583
3 5.02442859059674
3 5.45508134858476
3 5.02442859059674
3 5.00291430828836
3 5.15026381520385
3 5.03011117565011
3 5.06055851225504
3 5.34391530046805
3 5.14469595259436
3 5.25547194440189
3 5.3164736918927
3 5.3164736918927
3 5.17314711867583
3 5.17314711867583
3 5.17314711867583
3 5.27941069435753
3 5.02442859059674
3 5.62251493134163
3 5.13912808998486
3 5.60923772050361
3 5.13631356602842
3 5.2927337941731
3 5.0854762270651
3 5.06238642319415
3 6.71341065016704
3 5.62413634188176
3 5.74584155850929
3 5.56151318385082
3 5.45134139691438
3 5.56151318385082
3 5.34310459519799
3 5.01739992886855
3 5.13126577849783
3 5.13713956762433
3 5.26399199790048
3 5.13631356602842
3 5.10959853293095
3 5.13615295460699
3 5.4026455435701
3 5.4026455435701
3 5.4026455435701
3 5.01658922359849
3 5.01658922359849
3 5.01658922359849
3 5.30056551300843
3 5.13960227608622
3 5.13631356602842
3 5.4252917539914
3 5.13631356602842
3 5.10381652175956
3 5.06773248907881
3 5.44058043167872
3 5.31177771985667
3 5.29507413202819
3 5.25784287490868
3 5.44422860539401
3 5.60165839104481
3 5.44422860539401
3 5.44422860539401
3 5.59352074569248
3 5.59352074569248
3 5.09196186922561
3 5.25216028985531
3 5.59352074569248
3 5.59352074569248
3 5.59352074569248
3 5.29507413202819
3 5.44422860539401
3 5.44422860539401
3 5.29507413202819
3 5.44422860539401
3 5.44422860539401
3 5.29507413202819
3 5.29507413202819
3 5.29507413202819
3 5.44422860539401
3 5.44422860539401
3 5.25056947196688
3 5.13126577849783
3 5.18572069852473
3 5.33264955647934
3 5.29779687802954
3 5.2683514507678
3 5.29779687802954
3 5.29779687802954
3 5.5995857388921
3 5.75327557287252
3 5.39225169015485
3 5.26148340046104
3 5.11574000775983
3 5.01669629787944
3 5.1004207374208
3 5.1004207374208
3 5.15583167781334
3 5.17314711867583
3 5.30341827777951
3 5.15421026727321
3 5.15421026727321
3 5.02272305026444
3 5.15421026727321
3 5.02272305026444
3 5.02272305026444
3 5.02272305026444
3 5.02272305026444
3 5.02272305026444
3 5.05255088567243
3 5.02829091287393
3 5.00660072281827
3 5.34081779448337
3 5.30511616994888
3 5.10624863756975
3 5.50994162124669
3 5.07112062525464
4 5.26847695330483
4 5.55011119773737
4 5.02765926603643
4 5.40791376456306
4 5.16276884478203
4 5.07788395494524
4 5.67904748391603
4 5.02366229197388
4 5.02366229197388
4 5.37997728695217
4 5.08521738617017
4 5.08521738617017
4 5.94233968212087
4 5.00808933582765
4 5.19935978741817
4 5.37621742152045
4 5.89059072344244
4 5.29053652413731
4 5.50495893989522
4 6.55347870991725
4 6.24785415294404
4 6.29680014887946
4 5.91411528688683
4 6.37030382443645
4 6.32812389264505
4 6.29965392061479
4 6.26389285818655
4 6.40979087963487
4 6.0684814737219
4 5.28406684578184
4 5.11305224579642
4 5.36040735674339
4 5.48678625697525
4 5.24496932619121
4 5.24597703787224
4 5.60988797720244
4 5.31327354820074
4 5.35941658139314
4 5.55664015325055
4 5.53148970205191
4 5.04577267179869
4 5.18746201504979
4 5.18746201504979
4 5.09084871615236
4 5.2391601647359
4 5.40791376456306
4 5.08387941603906
4 5.24597703787224
4 5.24597703787224
4 5.36354057793649
4 5.03456082082663
4 5.24597703787224
4 5.2391601647359
4 5.2391601647359
4 5.55664015325055
4 5.55664015325055
4 5.18746201504979
4 5.30184999309401
4 5.36630966801795
4 5.04770341350686
4 5.13748290293719
4 5.21632999085322
4 5.02366229197388
4 5.09455777259175
4 5.14456228920051
4 5.01885237403421
4 5.09432066396092
4 5.44956867010048
4 5.63485212876258
4 5.18199158020995
4 5.42019260437385
4 5.22551795029785
4 5.75319474004241
4 5.5075925393305
4 5.07936588388792
4 5.08122041210762
4 5.13598403766374
4 5.31474700897803
4 5.19706491459837
4 5.31697413647475
4 5.01561753485647
4 5.10463488940199
4 5.07965380151107
4 5.11179048915379
4 6.07090336902251
4 5.39732008966423
4 5.14092097808421
4 5.07965380151107
5 6.42137107087225
5 5.15381086390693
5 5.1257465404136
5 5.1257465404136
5 5.1898596106777
5 5.60100899234528
5 5.01190468614264
5 5.0423194407441
5 5.89165256337916
5 5.07827135327446
5 5.16823916572801
5 5.30164153656176
5 5.22957045235852
5 5.22957045235852
5 5.45282619517988
5 5.45282619517988
5 5.45282619517988
5 5.29401804090767
5 5.45282619517988
5 5.45282619517988
5 5.45282619517988
5 5.30164153656176
5 5.14751663828029
5 5.46027362857867
5 5.29401804090767
5 5.62323685207573
5 5.46167332350823
5 5.29514483934153
5 6.22380281109781
5 5.60415170360222
5 5.76268696137873
5 5.16985893847668
5 5.16985893847668
5 5.1628780700544
5 5.13952341189009
5 5.19985994677821
5 5.34260242025514
5 5.34260242025514
5 5.34260242025514
5 5.95800162428545
5 5.34260242025514
5 5.54674660526469
5 5.54674660526469
5 5.1628780700544
5 5.37128296164199
5 5.34260242025514
5 5.54674660526469
5 5.34260242025514
5 5.34260242025514
5 5.34260242025514
5 5.29514483934153
5 5.34260242025514
5 5.29514483934153
5 5.34260242025514
5 5.27870942781015
5 5.1628780700544
5 7.08221194299309
5 6.25309076726541
5 6.25309076726541
5 6.28978214126799
5 6.28978214126799
5 6.28978214126799
5 6.28978214126799
5 6.45147771652696
5 6.45147771652696
5 6.45147771652696
5 6.91769056853671
5 6.19552721289812
5 7.26098555701526
5 7.09434263238262
5 5.13256014969335
5 5.29401804090767
5 5.13898642201146
5 5.4751596922635
5 5.62593940769445
5 5.4751596922635
5 5.92932988601136
5 5.86604430834713
5 5.14131044378129
5 5.17146990811259
5 5.17146990811259
5 5.1427981698385
5 5.21376886494618
5 5.0908950169788
5 5.03119230620973
5 5.42197128494018
5 5.20146211330136
5 5.24898131600432
5 5.08321870264813
5 5.08321870264813
5 5.07885235871692
5 5.14639864295919
5 5.46027362857867
5 5.46027362857867
5 5.46027362857867
5 5.10806108686965
5 5.30164153656176
5 5.30164153656176
5 5.1427981698385
5 5.38980471089857
5 5.90474279206002
5 5.17684861001172
5 5.28103344957999
5 5.70294023504583
5 5.20643587201332
5 5.17111778360201
5 5.52161371832195
5 5.85392242207036
5 6.21718287029888
5 5.96002634022129
5 5.00066311114233
5 5.4308536257196
5 5.22146278550238
5 5.7917108241634
5 5.4103247667527
5 5.42353823901227
5 5.19895322616347
5 5.30749560655018
5 5.30749560655018
5 5.30749560655018
5 5.13898642201146
5 5.75708818166048
5 5.47584633505913
5 5.13898642201146
5 5.97360954321697
5 6.06014414169235
5 5.89583404194231
5 5.89583404194231
5 6.00375140132274
5 5.84706479722679
5 5.46875982928368
5 5.46875982928368
5 5.2369210515169
5 5.576157805011
5 5.77524900329372
5 5.30164153656176
5 5.60415170360222
5 5.06569170513394
5 5.06541880863824
5 5.40095825477124
5 5.09054289246822
5 5.98386516958765
5 5.24746718060882
5 5.10806108686965
5 5.02719569301463
5 5.21376886494618
5 6.37636955841995
5 6.73584466815972
5 6.5841142165502
5 5.52839211515064
5 5.79809308091768
5 5.37895927597267
5 5.1427981698385
5 5.18456013679345
5 5.74850514671506
5 5.17033430656596
5 5.02394734440452
5 5.00507347063736
5 5.05253105155096
5 5.0127321787425
5 5.25411353074604
5 5.11265631173273
5 5.30425606105283
5 5.29434375607996
5 5.24898131600432
5 5.14527184452533
5 5.05002216441307
5 5.16847684977265
6 5.72159437508397
6 5.34237092223593
6 5.29883359314917
6 5.41482287334816
6 5.23117388652048
6 5.06732153442657
6 5.02609975001947
6 5.01194354463358
6 5.11247041475559
6 6.09900271232231
6 5.92482795042934
6 5.6575903452206
6 5.50347515536936
6 5.50347515536936
6 5.13289470628898
6 5.33236234083667
6 5.17463388346333
6 5.33893577353534
6 5.17463388346333
6 5.69612338360773
6 5.28034316310648
6 5.17463388346333
6 5.33893577353534
6 5.66256919037429
6 5.50047258094958
6 5.29229408784508
6 5.13652493750837
6 5.05985750762035
6 5.05985750762035
6 5.25622078556454
6 5.42773224698347
6 5.39929260848203
6 5.26990200742641
6 5.382142310525
6 5.382142310525
6 5.16314097855147
6 5.29280299876369
6 5.25589847531609
6 5.18198764623719
6 5.32578890813801
6 5.32578890813801
6 5.49375495682398
6 5.32494920512231
6 5.49375495682398
6 5.33236234083667
6 6.20572133195402
6 5.05699912462751
6 5.3119041219087
6 5.36270191343425
6 5.03577753932163
6 5.03577753932163
6 5.19583850507192
6 5.51088829108372
6 5.1890784717031
6 5.59914192621868
6 5.59914192621868
6 5.75698912947303
6 5.31921547543935
6 5.31921547543935
6 5.2476201910401
6 5.08608338362586
6 5.23909593315345
6 5.13289470628898
6 5.40328755919309
6 5.81363939656254
6 6.33224506816816
6 5.6619076061801
6 5.44262637320135
6 5.80745612890147
6 5.41150647052858
6 5.33236234083667
6 6.38641015360515
6 6.53746339609611
6 6.02204689958041
6 5.98964623776248
6 6.16363439898529
6 5.99833165077336
6 5.98754273929891
6 5.13652493750837
6 6.16363439898529
6 5.99833165077336
6 5.8198226642236
6 5.99833165077336
6 6.49468943338726
6 5.43419541564977
6 6.16363439898529
6 6.30323714580761
6 6.15371911792112
6 6.64018706501676
6 5.8100006834945
6 6.32909830232145
6 6.47671639611182
6 6.49678445000219
6 5.79890642546889
6 6.41946391776862
6 6.32909830232145
6 6.30323714580761
6 6.66041627403136
6 6.32909830232145
6 6.32909830232145
6 6.1596903393661
6 6.1596903393661
6 6.47158487768254
6 6.32909830232145
6 6.30372909302893
6 6.1596903393661
6 5.49702895040035
6 6.49468943338726
6 5.83319005768566
6 5.6619076061801
6 5.49702895040035
6 5.29230256969372
6 5.97856894343416
6 5.32578890813801
6 5.94920478343058
6 6.16363439898529
6 5.8885765293273
6 5.98356475228514
6 5.00517502941612
6 5.12319995328953
6 5.11654170210444
6 5.66823506526811
6 5.6768441416412
6 5.00893248836516
6 6.33224506816816
6 5.49058274543133
6 5.19583850507192
6 5.52297492540062
6 5.07823767363068
6 5.28549164523304
6 5.45231264435215
6 5.49058274543133
6 5.49058274543133
6 5.79419051762314
6 5.61848902297435
6 5.12986668632327
6 5.49058274543133
6 5.49702895040035
6 5.1545149384811
6 5.07823767363068
6 5.07823767363068
6 5.29883359314917
6 5.45231264435215
6 5.05376754029436
6 5.65558862894074
6 5.03107011332453
6 5.49058274543133
6 5.01442024443746
6 5.07669397717757
6 5.28154758561385
6 5.04959447076179
6 5.28021593537683
6 5.09594777359817
6 5.09594777359817
6 5.10818708119065
6 5.09594777359817
6 5.14816203384717
6 5.08274153526034
6 5.14318318869347
6 5.81929678960771
6 6.64619221385632
6 5.27207336067913
6 6.20674763563988
6 6.21237110129048
6 5.96191059269845
6 5.82547157542013
6 5.22765391933345
6 5.62534235667825
6 5.16638104473327
6 5.06051909181454
6 6.17398225433029
6 5.23536391975033
6 5.47451812410067
6 5.26290448229557
6 5.17362454347476
6 5.20883269719367
6 5.00169747147231
6 5.04734678087128
6 5.19583850507192
6 5.11901840190832
6 5.25622078556454
6 5.25622078556454
6 5.11933223030813
6 5.08514189842643
6 5.12986668632327
6 5.10818708119065
6 5.10818708119065
6 5.00162961668316
6 5.4917871679387
6 5.4917871679387
6 5.4917871679387
6 5.10818708119065
6 5.08514189842643
6 5.43604445865404
6 5.08514189842643
6 5.38187089136841
6 5.01191809908765
6 5.03516684621931
6 5.30537309845326
6 5.16051160547201
6 5.4917871679387
6 5.27879946665337
6 5.64018559180426
6 5.56383199031605
6 5.60241591979504
6 5.48515436229953
6 5.36052207833288
6 5.58496027528685
6 5.06732153442657
6 5.38187089136841
6 5.06732153442657
6 5.34425389263477
6 5.382142310525
6 5.22454108088131
6 5.382142310525
6 5.23536391975033
6 5.24230207194067
6 5.10156275740013
6 5.06803400971262
6 5.16483734828016
6 5.33893577353534
6 5.07298740932039
6 5.16792474118637
6 5.16792474118637
6 5.22745035496601
6 5.32332917203141
6 5.42211726318152
6 5.16812830555381
6 5.32332917203141
6 5.39234597444305
6 5.01290199353029
6 5.32332917203141
6 5.24889246833662
6 5.63567324832596
6 5.76991546680562
6 5.22521114692414
6 5.22521114692414
6 5.59413763551905
6 5.14012124133319
6 5.17517672177651
6 7.18612973480019
6 5.82425018921548
7 5.54020958880623
7 5.43112676445491
7 5.27876966637192
7 5.43574174675221
7 5.03350960547226
7 5.03350960547226
7 5.01414861861893
7 5.04965029058674
7 5.16432750773987
7 5.24425524019267
7 5.1003132371645
7 5.32644736973191
7 5.32644736973191
7 5.14061010296244
7 5.3020639658114
7 5.19864605181822
7 5.12016784691211
7 5.28448158843427
7 5.28448158843427
7 5.12201697394464
7 5.27876966637192
7 5.29110240344482
7 5.29110240344482
7 5.50624363250951
7 5.96588489992234
7 6.26712022997628
7 5.20935688509564
7 5.44135964540613
7 5.44135964540613
7 5.22387566641463
7 5.15845887999679
7 6.17862069678793
7 5.76748767284292
7 5.80787856204929
7 5.66838700035366
7 5.66838700035366
7 5.94741713544913
7 5.90245827564969
7 5.92512575236628
7 5.94741713544913
7 5.99744542401997
7 5.80787856204929
7 6.08700272055319
7 5.94741713544913
7 5.94741713544913
7 5.94741713544913
7 6.2266196467934
7 5.7968934938306
7 5.80787856204929
7 5.10652661740517
7 5.16447637813656
7 5.06437278929067
7 5.27348084964752
7 5.1125362802609
7 5.306310689759
7 5.1125362802609
7 5.22921933012729
7 5.71166127408533
7 5.25587496641828
7 5.24999066810713
7 5.25587496641828
7 5.01436800657194
7 5.34503266346566
7 5.4410932457489
7 5.28399580082403
7 5.18537308066098
7 5.23269819623934
7 5.16743811550222
7 5.12558202818109
7 5.29540397438067
7 5.12769755487086
7 5.41490772650007
7 5.74170958836397
7 5.74170958836397
7 5.28323577827253
7 5.31884714421684
7 5.71166127408533
7 5.66926455216571
7 5.49379336617606
7 5.03131572594214
7 5.21706680458721
7 5.02849502368912
7 5.07843712413556
7 5.15091350146998
7 5.26295806318696
7 5.50170700305258
7 5.25500524989027
7 5.16474277779379
7 5.24434142831706
7 5.29944698094333
7 5.43423737221726
7 5.41152288379646
7 5.31560333662587
7 5.26489337834389
7 5.21866520253059
7 5.26489337834389
7 5.10502224287023
7 5.3715237587919
7 5.03299247672588
7 5.51975166218784
7 5.24434142831706
7 5.11436973672536
8 5.4613341889966
8 5.7483869316616
8 5.24207091474305
8 5.39020250218057
8 5.97669739352443
8 5.02846105876768
8 5.05428807296855
8 5.72525774928345
8 5.08408450851366
8 5.05481217405512
8 5.33664968131762
8 5.02846105876768
8 5.04793871718197
8 5.18141265783749
8 5.25732139718036
8 5.25732139718036
8 5.25732139718036
8 5.55215832975421
8 5.25053385851812
8 5.29244476180217
8 5.45462397672418
8 5.19680920123335
8 5.19302879995312
8 5.41723237133424
8 5.19680920123335
8 5.36423801884224
8 5.20527214500842
8 5.2492536771755
8 5.0303426675867
8 5.25490709545367
8 5.25732139718036
8 6.43355029641956
8 5.29244476180217
8 5.58416286331982
8 5.04105666848773
8 5.37816536083146
8 5.54841229575834
8 5.54841229575834
8 5.02162196917889
8 5.17473681284944
8 5.20351941350576
8 5.01276380163362
8 5.01276380163362
8 5.1437632978148
8 5.01276380163362
8 5.01276380163362
8 5.20108792813689
8 5.21010074846181
8 5.28040762045306
8 5.20108792813689
8 5.01276380163362
8 5.19476434781359
8 5.1437632978148
8 5.1437632978148
8 5.20108792813689
8 5.01276380163362
8 5.01276380163362
8 5.01276380163362
8 5.01276380163362
8 5.01276380163362
8 5.00598485479247
8 5.1437632978148
8 5.00420634782654
8 5.01099388648878
8 5.01276380163362
8 5.30357117011558
8 5.87985897800282
8 5.01587404086872
8 5.12898536553752
8 6.21118537475201
8 5.28793405572916
8 5.17720266550268
8 6.91969271741541
8 5.24373772803479
8 6.89744849260968
8 6.37079563516769
8 5.66472836969425
8 5.35188298011275
8 6.91969271741541
8 6.93714270605213
8 6.76916401189339
8 6.93714270605213
8 6.76916401189339
8 6.94723809583457
8 7.10523309388506
8 6.91444311472854
8 6.7486725185903
8 6.60121968501901
8 6.60706212336119
8 6.77414726812642
8 6.8838734152852
8 6.93714270605213
8 6.92067218501984
8 6.76916401189339
8 6.92067218501984
8 6.92067218501984
8 6.93714270605213
8 6.92067218501984
8 6.92067218501984
8 6.76916401189339
8 6.76916401189339
8 6.76916401189339
8 5.96162733933005
8 6.57181847324411
8 6.90146087305938
8 5.45689221749232
8 5.18757299356005
8 5.37583697731568
8 5.02310835422771
8 6.68694028404831
8 5.50926795886574
8 5.29244476180217
8 5.50926795886574
8 5.50926795886574
8 6.89054066845216
8 5.35188298011275
8 5.61862465771759
8 5.18757299356005
8 5.35188298011275
8 5.28793405572916
8 5.35188298011275
8 5.0303426675867
8 6.04464151471554
8 6.43355029641956
8 6.43355029641956
8 7.0909363035889
8 5.82444173196303
8 5.82444173196303
8 5.46804440126901
8 5.4238910326801
8 5.09101810813445
8 5.07155763336234
8 5.39020250218057
8 5.22551447549985
8 5.08408450851366
8 6.56069206493069
8 6.14628275822727
8 6.14628275822727
8 5.95881781383315
8 5.75770905754582
8 5.94843889395469
8 5.09101810813445
8 5.38008133693485
8 5.05283605520409
8 5.1112432549837
8 6.11109065903674
8 6.11109065903674
8 6.08114816253307
8 6.11109065903674
8 6.11109065903674
8 6.11109065903674
8 5.26056910555292
8 5.02518757493184
8 5.02518757493184
8 5.30115686838889
8 5.2183403048885
8 5.2183403048885
8 6.61994985499835
8 5.02162196917889
8 5.60141524007143
8 5.49128527732136
8 5.25732139718036
8 5.51786837177827
8 5.30791863158785
8 5.55501081435657
8 5.55501081435657
8 5.51786837177827
8 5.51786837177827
8 5.30791863158785
8 5.30791863158785
8 5.51786837177827
8 5.30115686838889
8 5.71821245598847
8 5.41638178104619
8 5.41638178104619
8 5.26755425610027
8 5.14162393436303
8 5.7291240687746
8 5.1551045016555
8 5.1551045016555
8 5.14162393436303
8 5.30791863158785
8 5.41638178104619
8 5.30115686838889
8 5.14162393436303
8 5.30115686838889
8 5.09246153407781
8 5.09246153407781
8 5.52355615734081
8 5.52355615734081
8 5.47918799322461
8 5.47918799322461
8 5.14162393436303
8 5.14162393436303
8 5.30115686838889
8 5.51786837177827
8 5.30791863158785
8 5.30791863158785
8 5.30791863158785
8 5.58058007392469
8 5.14162393436303
8 5.14162393436303
8 5.14162393436303
8 5.51120111861132
8 5.35601564605773
8 5.22175984968289
8 5.0671843964268
8 5.14162393436303
8 5.14162393436303
8 5.30791863158785
8 5.26327552919673
8 5.46768354478317
8 5.14162393436303
8 5.1347332938477
8 5.67322568075369
8 5.09246153407781
8 5.50093389240705
8 5.0048507344084
8 5.66125727397331
8 5.22097799396357
8 5.31035011695673
8 5.24173583372049
8 5.67631014452552
8 5.79317609501128
8 5.79317609501128
8 5.71419148371767
8 5.56136876196423
8 5.82354818256952
8 5.82354818256952
8 5.70750704690853
8 5.55452967237545
8 5.86711730732421
8 5.24173583372049
8 5.24173583372049
8 5.23457025493023
8 5.86057033965253
8 5.70750704690853
8 5.86057033965253
8 5.39465306550594
8 5.65959905250267
8 5.65959905250267
8 5.00357914488687
8 5.01165545671282
8 5.00357914488687
8 5.02689734732904
9 5.28033953961055
9 5.81859113033498
9 5.40982972968964
9 6.32278599427614
9 6.08354177470866
9 5.5989217128659
9 5.7774850544189
9 5.58964359955805
9 6.3603724380787
9 5.0776329336456
9 6.02636035899616
9 5.20857535015549
9 5.28212456793173
9 5.70711258196003
9 5.54498763681115
9 5.10652618867493
9 5.90448427277296
9 5.15400592503727
9 5.15715241563732
9 5.16003669868737
9 5.19733068022261
9 5.14042155696588
9 5.20150583121114
9 5.20150583121114
9 5.5895931750292
9 5.62888396790679
9 5.06496629199923
9 5.52817609889356
9 5.14947780234681
9 5.16003669868737
9 5.18445225555509
9 5.78725732810945
9 5.17633390641072
9 5.4381884847132
9 5.03648651810644
9 5.52740964605508
9 5.81656406427533
9 5.53750463673025
9 5.58979487314459
9 5.82022488506962
9 5.37999857842376
9 5.59801407134665
9 5.75428977114928
9 5.78083324313434
9 5.17960141588
9 5.0794784714014
9 5.0794784714014
9 5.14947780234681
9 5.59773169398511
9 5.18220332156851
9 5.00648392344248
9 5.51716338179337
9 5.60651564691026
9 5.75485452587237
9 5.05296525413365
9 6.44158618423968
9 6.55585825151275
9 6.16714564353699
9 5.83543292296987
9 6.74642263093134
9 5.52553385358197
9 5.35294077624446
9 5.35294077624446
9 5.61880914704316
9 5.52553385358197
9 5.83043080970825
9 6.51097033593315
9 6.55585825151275
9 6.55585825151275
9 6.98232874668915
9 5.89908884818633
9 5.71729833678712
9 6.94473221798083
9 6.55585825151275
9 5.00867234799444
9 5.06643868824156
9 5.05848169758951
9 5.60651564691026
9 5.51716338179337
9 5.32248436082087
9 5.22883592584622
9 5.0701196788474
9 5.02177264058889
9 5.31299446449186
9 5.03119194257751
9 5.02177264058889
9 5.17263274599335
9 5.4380573809382
9 5.15666834016039
9 5.31247004939185
9 5.09020881114004
9 5.3629450027677
9 5.04472588612005
9 5.01929175376962
9 5.20125370856691
9 6.13172745447486
9 5.26341706772949
9 5.3629450027677
9 5.04443342385273
9 5.67625277030566
9 5.58156559003676
9 5.13014503798687
9 6.2356927480516
9 6.2356927480516
9 5.0459259899066
9 5.5146824949741
9 5.80910123400597
9 5.45942729626355
9 5.6546509021476
9 5.0285597821717
9 6.23409933294004
9 5.9770754245011
9 6.04935394415039
9 5.8983728198767
9 5.72268367646798
9 5.91756439555587
9 5.73477547848549
9 5.78725732810945
9 5.9770754245011
9 5.83876094187378
9 6.24239921038825
9 6.4271445991779
9 5.14431433059287
9 5.16836683085289
9 5.51083006097019
9 5.20111251988614
9 5.1768684064165
9 5.72993472371618
9 5.2034320482131
9 5.78376795071324
9 5.24424566186186
9 5.3629450027677
9 5.19094693487058
9 5.11871883975014
9 6.05372070834854
9 6.07436451045851
9 6.13290738844987
9 5.2230068503115
9 5.95626017899306
9 5.80093246033276
9 5.33293232319797
9 5.87146629128394
9 5.86224868741071
9 5.89561964060166
9 5.35993970084842
9 6.19656331366633
9 5.5034781646643
9 5.94689130153329
9 5.63841420385887
9 5.94689130153329
9 5.54775090099196
9 5.3572772857253
9 6.1346117375249
9 7.63212948012892
9 7.63212948012892
9 5.58156559003676
9 5.58964359955805
9 5.36360052164271
9 5.1768684064165
9 5.91756439555587
9 5.28093454905094
9 5.48814910789481
9 5.30331295495324
9 6.4271445991779
9 6.06268618957754
9 6.93730972733455
9 7.63940069718866
9 8.14366615547021
9 6.13230229410371
9 5.01882784810422
9 7.52949539411373
9 6.05912621784094
9 5.04193236722192
9 5.35993970084842
9 5.35993970084842
9 5.36063555934651
9 5.23132689757126
9 5.04193236722192
9 5.04193236722192
9 5.19094693487058
9 5.74477970500874
9 5.33407191754991
9 5.1222888963925
9 5.1222888963925
9 5.0701196788474
9 5.14977026461412
9 6.18015517197952
9 7.62249839511914
9 7.13548821060903
9 5.23278920890782
9 7.32640556172955
9 5.52553385358197
9 5.35294077624446
9 5.00867234799444
9 5.00867234799444
9 5.4202575222552
9 5.03302739542754
9 5.59146896750231
9 5.08647739600536
9 5.59792330719473
9 5.95626017899306
9 5.92128572578478
9 6.14383942630391
9 5.96507438663552
9 5.69086579876552
9 5.38462755017191
9 5.16710621763172
9 5.10454954714413
9 5.68455264775388
9 5.31266166260147
9 5.60119081666401
9 5.30331295495324
9 6.42770935390098
9 6.20982496475309
9 6.25225216332496
9 5.30331295495324
9 5.86482033838191
9 5.12918697193877
9 5.0482354333278
9 5.14042155696588
9 5.14947780234681
9 5.24202698259259
9 5.81643296050032
9 5.14972992499104
9 5.40989023912426
9 5.05655548058755
9 5.23679291649827
9 5.23679291649827
9 5.62185478858552
9 7.02781167170915
9 5.33274070998835
9 5.04167015967192
9 5.0124743574695
9 5.08074916952834
9 5.40451498434917
9 5.1039646226095
9 5.26372969980834
9 5.2042892652035
9 5.2042892652035
9 5.2042892652035
9 5.32192969100355
9 5.14243853811977
9 5.12027191523862
9 5.70571078005808
10 5.03673205588108
10 5.19820127211379
10 5.06708542012328
10 5.08690788560516
10 5.35438449755133
10 5.00374254337963
10 5.03673205588108
10 5.01564286980709
10 5.01564286980709
10 5.03673205588108
10 5.13501587955186
10 5.02104526195397
10 5.27050020580055
10 5.14884025185166
10 5.01564286980709
10 5.13929534101168
10 5.10068432793661
10 5.12463561783492
10 5.2077530300921
10 5.09581601257992
10 5.10068432793661
10 5.0435038756951
10 5.61801301775283
10 5.26589892883895
10 5.4795296449131
10 5.35351491098269
10 5.10068432793661
10 5.09691840185197
10 5.0223941482061
10 5.10394356578441
10 5.09928066457779
10 5.0755827187979
10 5.13346842628799
10 5.36693530212068
10 5.09133113697003
10 5.45434587011436
10 5.47796849737255
10 5.05165881745293
10 5.12125997863542
10 5.08207380594015
10 5.15900140514185
10 5.4476425216837
10 5.3483590158159
10 5.11528927400668
10 5.22051609594987
10 5.08667508290175
10 5.15266095504298
10 5.08667508290175
10 5.06807825518196
10 5.22051609594987
10 5.22051609594987
10 5.3404779595915
10 5.20453487507432
10 5.20453487507432
10 5.22051609594987
10 5.08672986000843
11 5.31935060157395
11 5.01911750152171
11 5.44720601078007
11 6.20326046773229
11 6.05852309758692
11 5.90754436470266
11 5.90754436470266
11 5.17797784746032
11 5.16024632097305
11 5.91518204309471
11 5.21296144265033
11 5.1101640113406
11 5.33280906570091
11 5.38526342963574
11 5.13466682759174
11 5.13466682759174
11 5.38831681868455
11 5.53158216931604
11 5.20826780328606
11 5.41488046225513
11 5.10735455695409
11 5.26784674166809
11 5.3661776451957
11 5.03250026178796
11 5.18608657209681
11 5.24158591354036
11 5.34032057099177
11 5.30561455662438
11 5.17254399256906
11 5.0319955693832
11 5.43304938882653
11 5.07822539365931
11 5.05610304325061
11 5.1126874733644
11 5.03869956682644
11 5.17532821233532
11 5.21315490807216
11 5.04750644928952
11 5.03869956682644
11 5.17532821233532
11 5.03216380018478
11 5.03250026178796
11 5.0259644951463
11 5.00148691351539
11 5.19182324243093
11 5.2620175443931
11 5.05991347090656
11 5.06569219894107
11 5.06569219894107
11 5.28128838271489
11 5.06569219894107
11 5.05889567455696
11 5.06569219894107
11 5.06569219894107
11 5.37999780554607
11 5.72237272139585
11 5.75636375485651
11 5.73703403575416
11 5.39160573085557
11 5.36155129815205
11 5.19064562681982
11 5.15663777027901
11 5.08534996810651
11 5.23034809599435
11 5.39793962053532
11 5.70000643632486
11 5.570376192162
11 5.22586474513206
11 5.22586474513206
11 5.9149044622721
11 5.03369470047923
11 5.1137893851148
11 5.1471074953691
11 5.15642748177702
11 5.06892223033154
11 5.10246745216799
11 5.09292876571801
11 5.15698264342226
11 5.00051117486619
11 5.05889567455696
11 5.39438995062183
11 5.08791548783072
11 5.74315763693193
11 5.66649486064873
11 5.35793433591793
11 5.71204335017841
11 5.03544430081573
11 5.03443491600621
11 5.04097068264786
11 5.39438995062183
11 5.74910459576803
11 5.09202873092952
11 5.76425377945094
11 5.76425377945094
11 5.38660086450836
11 5.21807565901858
11 5.2625895291185
11 5.57927560156595
11 5.18686884532419
11 5.58390194860959
11 5.11927370924653
11 5.4383150129162
11 5.61160115009089
12 5.32141387329892
12 5.03122282217455
12 5.09187230999489
12 5.5981351791847
12 5.01905016351449
12 5.01905016351449
12 5.08426796175701
12 5.17891964774313
12 5.17891964774313
12 5.03178584327183
12 5.17891964774313
12 5.15605671508418
12 5.03178584327183
12 5.03178584327183
12 5.03178584327183
12 5.03178584327183
12 5.32626725769441
12 5.05676545018255
12 5.05676545018255
12 5.05676545018255
12 5.1699255638854
12 5.01294958048579
12 5.04496338768778
12 5.03178584327183
13 5.5798162189027
13 5.30886458193946
13 5.07995199045045
13 5.18694877781997
13 5.37358224770316
13 5.37358224770316
13 6.24891697184405
13 5.62771140715866
13 5.41716463973772
13 5.39547204641735
13 5.1050142237609
13 5.1267411136715
13 5.1267411136715
13 5.1267411136715
13 5.16710820037201
13 5.57252819347886
13 5.18597132499842
13 5.49103949509278
13 5.39817290289795
13 5.63234144683968
13 5.02093613281246
13 5.22626124437091
13 5.11976175755973
13 5.17675411637415
13 5.20132762327383
13 5.37894108992657
13 5.76081647384064
13 5.76081647384064
13 5.82643442509786
13 5.25131490353381
13 5.23445812943584
13 5.76157957297325
13 5.10579447118863
13 5.05630449148698
13 5.05630449148698
13 5.49103949509278
13 5.72858625317215
13 6.0734813386709
13 6.26080931450625
13 5.4556625622707
13 6.26080931450625
13 5.16964614804902
13 6.26080931450625
13 6.0734813386709
13 6.23217166166434
13 5.422952189339
13 5.22431491287537
13 5.22431491287537
13 5.22431491287537
13 5.12147658707122
13 5.02670653411863
13 5.2395854696752
13 5.28825233121133
13 5.08730860905475
13 5.34072611426298
13 5.00799774414826
13 5.00799774414826
13 5.27690873399282
13 5.27690873399282
13 5.16969759293436
13 5.02093613281246
13 5.04426638831631
13 5.07665094364083
13 5.18290178017285
13 5.56520587146479
13 5.63932080295146
13 5.29755528131118
13 5.36141553231912
13 5.71919756159673
13 5.01114445630185
13 5.22134825782049
13 5.22134825782049
13 5.10457694223547
13 5.3853031074142
13 5.41258604494203
13 5.41258604494203
13 5.17359883007301
13 6.03205963182082
13 6.03205963182082
13 5.49127099707683
13 5.55628875800503
13 5.55628875800503
13 5.15104882199689
13 5.33331805077334
13 5.3853031074142
13 5.3853031074142
13 5.12402310889578
13 5.05113428050983
13 5.71919756159673
13 5.72684570121799
13 5.12865314857681
13 5.00889802964179
13 5.08563665028104
13 5.08563665028104
13 5.14905961976356
13 5.3509207757088
13 5.10058138947369
13 5.30311132892841
13 5.55628875800503
13 5.59871364011933
13 5.82351921492833
13 6.01219333193019
13 5.95776464323545
13 5.20788684615528
13 5.67281999745844
13 6.18003227036743
13 5.85368306603547
13 5.15231779583539
13 5.15231779583539
13 5.5139496173663
13 5.36779469810187
13 5.10457694223547
13 5.03740707027034
13 5.94295709040372
13 5.94295709040372
13 5.96596152830038
13 5.74153321598391
13 5.94295709040372
13 5.4496778072756
13 5.82352778907589
13 5.19795798328374
13 5.12476048558572
13 5.18358771197744
13 5.19024125048203
13 5.03607807739894
13 5.15151182596499
13 6.43639070818787
13 5.01984721607267
13 5.02093613281246
13 5.17675411637415
13 5.35826882016554
13 5.56481146067715
13 5.17675411637415
13 5.4556625622707
13 5.44166955345693
13 5.48387150773474
13 5.16264106949457
13 5.16264106949457
13 5.16264106949457
13 5.16264106949457
13 5.42424688562018
13 5.75458306856636
13 5.1127738273004
13 5.27457656585719
13 5.44972925216094
13 5.65363105522485
13 5.51571589176314
13 5.33382392547923
13 5.04079385855554
13 5.22431491287537
13 5.22431491287537
13 5.77387490057065
13 5.1127738273004
13 5.30101923692439
13 5.71563929036039
13 5.71563929036039
13 5.47276798664783
13 5.86795902171863
13 5.12922761646316
13 6.05103422036548
13 5.16793989268508
13 5.16793989268508
13 5.07912029813738
13 5.03607807739894
13 5.13504088850712
14 5.13613649155903
14 6.62143009342744
14 5.03408707141726
14 5.44737736355823
14 5.44737736355823
14 5.44737736355823
14 5.11051911212665
14 5.37612366862433
14 5.28697724582049
14 5.28699439266081
14 5.11360554338356
14 5.07115854018085
14 5.01977803317341
14 5.39015835742312
14 5.84057155884862
14 5.06481420926386
14 6.06877028319655
14 5.33311081969118
14 5.30157778034972
14 5.62951967481688
14 5.83637915639131
14 5.09472687219545
14 5.42583235870094
14 5.3260291746406
14 5.03392417643426
14 5.04145163933307
14 5.20536685933562
14 5.52331214589844
14 5.07622543149428
14 5.07639689989745
14 5.12167313175233
14 5.03245812158723
14 5.03392417643426
14 5.79505527122931
14 5.01061304702441
14 5.11749787613534
14 5.54052757357589
14 5.89467841346634
14 5.10188567802745
14 5.33836632624809
14 5.01783186679752
14 5.11362269022388
14 5.11362269022388
14 5.01783186679752
14 5.01783186679752
14 5.6456977186552
14 5.65231639901725
14 5.80948433735538
14 5.65231639901725
14 5.65231639901725
14 5.45336161082857
14 5.45336161082857
14 5.77795129801392
14 5.77795129801392
14 5.80948433735538
14 5.12915772755034
14 5.17365377817084
14 5.08194390273973
14 5.33146472302083
14 5.01783186679752
14 5.35060917023385
14 5.17468258858981
14 5.18099262582616
14 5.06619452990932
14 5.3521523858623
14 5.30757060104023
14 5.53713249919329
14 5.12379076653138
14 5.70487146458635
14 5.53687529658854
14 5.25013725940117
14 5.09104030152747
14 5.07639689989745
14 5.7234157723883
14 5.29696528030467
14 5.54652896768656
14 5.00710651817975
14 5.01472828870029
14 5.09948512038319
14 5.09948512038319
14 5.15438072965545
14 5.30904522930742
14 5.30904522930742
14 5.41737896642506
14 5.90052548601416
14 5.34123842200105
14 5.02090972463428
14 5.62431560878092
14 5.31629834276116
14 5.61082104545208
14 5.46349539345544
14 5.47056846508586
14 5.16180531151235
14 5.31629834276116
14 5.31629834276116
14 5.15436358281513
14 5.10088258786896
14 5.15436358281513
14 5.15436358281513
14 5.67062065105477
14 5.24320993591343
15 5.36661257229221
15 5.60764671839562
15 5.00498385019624
15 5.04916052649172
15 5.16382182178885
15 5.17269160279945
15 5.97900636528962
15 6.1372157019174
15 6.15323297636372
15 6.14346760581419
15 5.66288048092178
15 5.97900636528962
15 5.97900636528962
15 5.97900636528962
15 5.81439011888331
15 6.1372157019174
15 6.10916824876061
15 5.97900636528962
15 5.00736060704956
15 5.00477717568726
15 5.13034916277121
15 5.18609961156983
15 5.00234013876881
15 6.26954766773273
15 5.97532066987939
15 6.48915655640472
15 6.23636779760281
15 5.73969450676109
15 6.30109997610439
15 5.92633881125002
15 6.11348257913566
15 6.30109997610439
15 6.13818879439721
15 6.11348257913566
15 5.57647331329043
15 5.38642749084112
15 5.97532066987939
15 5.92006968447748
15 5.91306858548563
15 5.94581788372183
15 5.87894145718953
15 6.08317031781791
15 5.54710831013885
15 5.02309370404602
15 5.34671153936456
15 5.50499837893322
15 5.56407284275134
15 5.18256892204134
15 5.4525030536511
15 5.51361842824545
15 5.34725405995065
15 5.34725405995065
15 5.4525030536511
15 5.34725405995065
15 5.0177287782503
15 5.28768013273581
15 5.50499837893322
15 5.32930782342048
15 5.35989565075021
15 5.35989565075021
15 5.31267052544721
15 5.68079227170045
15 5.35989565075021
15 5.35989565075021
15 5.54735804183721
15 5.17639452108542
15 5.35989565075021
15 5.16970343385704
15 5.35989565075021
15 5.54087362911781
15 5.35989565075021
15 6.38165136598118
15 5.8212792691828
15 5.61295136412622
15 5.73116918326547
15 5.00947902076666
15 5.00947902076666
15 5.41841898254438
15 5.41841898254438
15 5.26630654393164
15 5.26630654393164
15 5.0177287782503
15 5.09105517175049
15 5.9043451989189
15 5.55721813820335
15 5.02497960894051
15 5.0177287782503
15 5.25471554855275
15 5.60570053343601
15 5.56407284275134
15 5.25838402108723
15 5.64960164371951
15 5.31324749178479
15 5.87552271635341
15 5.13673023823611
15 5.0483941085209
15 5.0483941085209
15 5.12384752717606
15 5.02309370404602
15 5.40414982998656
15 5.24567353878467
15 5.55036343365536
15 5.54350872910736
15 5.1834559001424
15 5.01157160017013
15 5.40772357670442
15 5.01157160017013
15 5.57026446658301
15 5.08579358320926
15 5.05640274574406
15 5.00477717568726
15 5.21010830036355
15 5.31267052544721
15 5.20514811214792
15 5.20514811214792
15 5.0483941085209
15 5.45189164156202
15 5.0426158337072
15 5.18430843249196
15 5.92161113185699
15 5.70952002844932
15 5.10097554818176
15 5.3060224954082
15 5.3060224954082
15 5.07581292671287
15 5.05507658431141
15 5.08670639562394
16 5.40580646801395
16 5.59181264504892
16 6.19810197190132
16 6.35927569986042
16 6.19326133855319
16 6.09828811226302
16 6.09828811226302
16 5.97855988703055
16 6.61227624243341
16 6.22890776252877
16 5.65079092176245
16 6.57156651597569
16 5.09916202667706
16 5.09916202667706
16 5.10876584323974
16 5.00229127211443
16 5.00229127211443
16 5.79360896806547
16 5.11131201638085
16 5.55210977032762
16 5.64563080661335
16 5.55210977032762
16 5.64563080661335
16 5.11063432771211
16 5.13111988804137
16 5.38208736460815
16 5.56687370203939
16 5.35735172819924
16 5.10746855350244
16 5.29604994747861
16 5.0080225819986
16 5.35593826326159
16 5.06437723543745
16 6.00632575991538
16 5.79962103468384
16 5.7600052913628
16 6.40950211148054
16 5.56074546022067
16 5.22985912707638
16 5.490265838672
16 5.02282523877716
16 5.15415162151174
16 5.48506699845612
16 5.01255341481245
16 5.01255341481245
16 6.7796653436115
16 6.71951563362772
16 6.65460274042939
16 5.12798315763178
16 5.17010634902715
16 5.28406453930866
16 5.68793794207595
16 5.24973476760377
16 5.51747019808845
16 6.09024297963844
16 5.06131795516144
16 6.13218222696658
16 5.94668915706651
16 5.94668915706651
16 5.54510053323954
16 5.54510053323954
16 5.76915408839075
16 5.32708808850678
16 7.57993821125657
16 5.29312620493635
16 6.97880899955328
16 5.80732732297405
16 5.78545734150723
16 6.78113689614933
16 5.19331234529805
16 5.35611252606212
16 5.72409747318642
16 5.22126216225011
16 6.15746001431048
16 6.11314885664176
16 5.90304600679983
16 5.65875860425346
16 6.39116579235785
16 6.15556248603801
16 6.3838080296687
16 5.44031050251937
16 7.14521061152835
16 5.09916202667706
16 5.0312382595362
16 5.16212898526944
16 6.40706243227309
16 5.1707453126291
16 6.20649563012696
16 5.1679183827538
16 5.29135453313093
16 5.29135453313093
16 5.12349104988473
16 5.1679183827538
16 5.11063432771211
16 6.49850199621913
16 5.20618843000406
16 5.20618843000406
16 5.38029633026934
16 5.38029633026934
16 5.06113401109421
16 5.62421584468126
16 5.06722352784615
16 5.1916374861596
16 5.16755049461934
16 5.16755049461934
16 5.00661879832765
16 5.00661879832765
16 5.4018081048684
16 5.16755049461934
16 5.00661879832765
16 5.00661879832765
16 5.707920076537
16 5.707920076537
16 5.00661879832765
16 5.17683482938104
16 5.17683482938104
16 5.17683482938104
16 5.60850314883325
16 6.0163265084126
16 6.17852645064151
16 5.55435582420115
16 6.1909184720127
16 6.17679350390288
16 5.66260206713187
16 5.91329846823116
16 6.16938733488025
16 5.33602389766741
16 5.7644005864429
16 5.7644005864429
16 5.35399232865564
16 5.96659384139399
16 5.12670523042788
16 5.55734733561029
16 5.29627261661263
16 5.73617969402334
16 5.79320235486423
16 5.10044963514766
16 5.15183779877133
16 5.35735172819924
16 5.78555415417419
16 5.53940794842214
16 5.55502383160319
16 5.14557401921886
16 5.25960965963394
16 5.05339867900391
16 5.33808600747371
16 5.33808600747371
16 5.33808600747371
16 5.47360437868776
16 5.77789627221746
16 5.31225638792813
16 5.24359684451835
16 5.25960965963394
16 5.25960965963394
16 5.12936757876935
16 5.13747079899411
16 5.53399612033894
16 5.03022172653309
16 5.35735172819924
16 5.34283950942157
16 5.54606865990916
16 5.22072001131512
16 5.49710081295955
16 5.02282523877716
16 5.02282523877716
16 5.47185206941574
16 5.28530374144578
16 5.47185206941574
16 5.47185206941574
16 5.47185206941574
16 5.2769875333537
16 5.2769875333537
16 5.96877212640065
16 5.77602778774509
16 5.96877212640065
16 5.55088024945719
16 5.48857161700016
16 6.41430401976188
16 5.51211645760543
16 5.73586021222236
16 5.96877212640065
16 5.96877212640065
16 5.09916202667706
16 5.4637101241242
16 5.65875860425346
16 5.4637101241242
16 5.4637101241242
16 5.2769875333537
16 5.26866164399493
16 5.2769875333537
16 5.2769875333537
16 5.2769875333537
16 5.65875860425346
16 5.2769875333537
16 5.21385599322749
16 5.48054584690897
16 5.05104613119672
16 5.5918804139158
16 5.12670523042788
16 5.93884733104255
16 5.03964159902854
16 5.15350297664309
16 5.33533652773198
16 5.06131795516144
16 5.05782301788409
16 5.04124868930012
16 6.35701996472019
16 5.00599919725909
16 5.35962682587286
16 5.20265476765993
16 5.20265476765993
16 5.12467216442167
16 5.32708808850678
16 5.32708808850678
16 5.04377549990784
16 5.04805461978758
16 5.35219161305014
16 5.62421584468126
16 5.33840548927469
16 5.13150713870922
16 5.03856697842526
16 5.04544067777959
16 5.26736435425764
16 5.48070074717611
16 5.55383303579955
16 5.14071402333735
16 5.54606865990916
16 5.62421584468126
16 5.57131740345297
16 5.28378378257447
16 5.06722352784615
16 5.13150713870922
16 6.12245255393685
16 6.12245255393685
16 6.29686057346972
16 6.46322346037801
16 6.46322346037801
16 6.28887352844532
16 6.12245255393685
16 5.36399307715287
16 6.0397938988843
16 6.29686057346972
16 6.29686057346972
16 5.62421584468126
16 6.12245255393685
16 5.14071402333735
16 5.13150713870922
16 5.13150713870922
16 5.4778738173008
16 5.54712391797905
16 5.07009886405493
16 5.68793794207595
16 5.79541936493767
16 6.21961374650037
16 6.71041524293325
16 7.30718788462324
16 5.33288716725783
16 6.55601840166152
16 5.5495635971865
16 6.54457514442656
16 5.33045716931707
16 5.64563080661335
16 5.59195786404937
16 5.08658606123864
16 5.1194442804057
16 5.12798315763178
16 5.35552196879365
16 5.43183939416016
16 5.43183939416016
16 5.60694446489515
16 5.22934601994148
16 6.19330006361998
16 5.70356350652369
16 5.70356350652369
16 5.55435582420115
16 6.09776532386142
16 5.47340107208714
17 5.74525020486551
17 5.04503464869116
17 5.11968983363281
17 5.03554285293892
17 5.15075079966075
17 5.16695149190884
17 5.98812450549366
17 5.3741380013395
17 5.25220074565783
17 5.12900472136386
17 5.12900472136386
17 5.25353435997141
17 5.12900472136386
17 5.04503464869116
17 5.02602384056803
17 5.00233857819272
17 5.12748739487443
17 5.12748739487443
17 5.12748739487443
17 5.12748739487443
17 5.12748739487443
17 5.12748739487443
17 5.11255227539331
17 5.12748739487443
17 5.12748739487443
17 5.12748739487443
17 5.50745180361454
17 5.50745180361454
17 5.50745180361454
17 5.23506108006651
17 5.00466559908682
18 5.20670782886582
18 5.62950738147758
18 5.24789258157174
18 5.2932875350554
18 5.72124206116843
18 5.02514636003262
18 5.48667242175895
18 5.23408789274715
18 5.13021792846166
18 5.05082032948115
18 5.13566642358578
18 5.32468517614947
18 5.18393238544292
18 5.18393238544292
18 5.15232377568243
18 5.01835867250425
18 5.32711590208868
18 6.15980005590687
18 5.81792991824486
18 5.81256397607716
18 5.08000738585314
18 5.16439485242207
18 5.31951185754676
18 5.04590384229844
18 5.31113731874487
18 5.02779722718897
18 5.63692797500522
18 5.57332550835424
18 5.15003063800392
18 5.31956689285105
18 5.32069511658887
18 6.39051722401646
18 5.22883202118802
18 5.03836400561152
18 5.20971642550001
18 5.06553310082643
18 5.20104836507527
18 5.37706044072649
18 5.07249506681837
18 5.12850266147813
18 5.82330503296327
18 5.41561267137749
18 5.02353199110696
18 5.07321969832477
18 5.0967381183555
18 5.43287541182126
18 5.01606553482575
18 5.16340421694496
18 5.00648021932961
18 5.09470181209699
18 5.45155989762571
18 5.19325169696836
18 5.33905856311833
18 5.33905856311833
18 5.33905856311833
18 5.33905856311833
18 5.62480186296129
18 5.76401366514788
18 5.55114628072776
18 5.20564381298299
18 5.20612078562012
18 5.40666943443132
18 5.40666943443132
18 5.60095323110485
18 5.76069320178941
18 5.20612078562012
18 5.20612078562012
18 5.21891649386617
18 5.21891649386617
18 5.33133527541713
18 5.03408042442807
18 5.03408042442807
18 5.08307101779162
18 5.16460582108849
18 5.21891649386617
18 5.33133527541713
18 5.21125741401997
18 5.05031583919188
18 5.13566642358578
18 5.41840112679455
18 5.74325618288207
18 5.41840112679455
18 5.20564381298299
18 5.79853914603543
18 5.00865411384883
18 5.00865411384883
18 5.00648021932961
18 5.21348634384347
18 5.00648021932961
18 5.00648021932961
18 5.01383660500225
18 5.20612078562012
18 5.18491384836932
18 5.13566642358578
18 5.00781023918314
18 5.05875458584877
18 5.210037464775
18 5.13566642358578
18 5.01383660500225
18 5.02133975148631
18 5.02133975148631
18 5.03836400561152
18 5.07285279629621
18 5.22143894531252
18 5.64793503586203
18 5.04590384229844
18 5.05902976237019
18 5.53541535625322
18 5.04904085464263
18 5.04154688070928
18 5.23699559132349
18 5.01612057013003
18 5.02884289797037
18 6.07520162067152
18 5.02884289797037
18 5.02884289797037
18 5.60097157620628
18 5.40356911228999
18 5.58068189402688
18 6.48127961333163
18 6.45819230318446
18 5.04801352896266
18 5.00491171315751
18 5.04801352896266
18 5.25204774704519
18 5.11204710549719
18 5.10395691576743
18 5.1768511762917
18 5.26325660401771
18 5.47888492620276
18 5.47888492620276
18 5.02325681458554
18 5.47888492620276
18 5.44724879879012
18 5.11204710549719
18 5.09585755348696
18 6.21833927456371
18 5.6074657421118
18 5.15061768124962
19 5.27774874900534
19 5.08832905632304
19 5.27955191063682
19 5.29040986770423
19 5.48981030368727
19 5.8034044784511
19 5.8034044784511
19 5.16220994911567
19 5.53337858743174
19 5.99265847519969
19 5.56683941922027
19 5.08379678519526
19 5.50513230414506
19 5.28398671356831
19 6.217342161302
19 5.24683183714014
19 5.10050283404046
19 5.09426486947749
19 5.07345540956822
19 6.12128725385196
19 5.91604847291077
19 5.41567599358428
19 5.26512661758496
19 5.26512661758496
19 5.18946205680012
19 5.13136126498788
19 5.13136126498788
19 5.44405873234578
19 5.00635830323783
19 5.31661906568832
19 5.39164033637761
19 5.16551412097011
19 5.39652349301205
19 5.06656440809007
19 5.01277171055413
19 5.01277171055413
19 5.06067732903377
19 5.17811675875123
19 5.56228765445323
19 6.1138991645727
19 5.75041102012478
19 5.12662431064787
19 5.64773802214622
19 5.22183124479013
19 5.01375613933672
19 5.02184599962932
19 5.02184599962932
19 5.06125239139192
19 5.2983242852435
19 6.0300570221186
19 5.21829314926458
19 5.09211082233934
19 5.2597756136083
19 5.68738808439957
19 5.85439983875334
19 5.17811675875123
19 5.01232335685116
19 5.44037443452577
19 5.14164415969714
19 5.7588712595633
19 5.75500177217034
19 5.3973617195002
19 5.45283087001245
19 5.23953146923755
19 5.24189994640755
19 5.01375613933672
19 5.6482546035866
19 5.30126782477165
19 5.85439983875334
19 5.04444887435043
19 5.42044218838317
19 5.15340857099011
19 5.15340857099011
19 5.03033547952672
19 5.02184599962932
19 5.52059076007766
19 5.18646978317382
19 6.0361097971086
19 5.63793272159881
19 5.2983242852435
19 5.20481329771679
19 5.12048381428121
19 5.22217238347717
19 5.14818427566862
19 6.35188725946946
19 5.95359322212412
19 6.08205630484269
19 5.95535739647709
19 7.55366037298363
19 7.02174718533565
19 5.01994536980154
19 5.37959326731538
19 5.67853797217587
19 5.6870664393518
19 5.37959326731538
19 5.52035683640655
19 5.98844784911969
19 6.21148432270459
19 5.38927185920761
19 5.55599120897249
19 6.73010284837776
19 6.24303477784571
19 6.63749831507661
19 5.10233523613083
19 6.26054006590054
19 5.20121672127346
19 5.80834611600332
19 6.05392698339157
19 5.35405659988574
19 5.52059076007766
19 5.18779535064345
19 5.17811675875123
19 5.26358662008348
19 5.52059076007766
19 5.548398436481
19 5.17811675875123
19 5.24353741210533
19 5.16348678248715
19 5.12997721660047
19 5.12997721660047
19 5.54498704961063
19 5.8034044784511
19 5.6184878164377
19 5.49425485343839
19 5.62630476578066
19 5.62630476578066
19 5.1832728263353
19 5.30575136180128
19 5.55756044693286
19 5.74248685576589
19 5.55756044693286
19 5.18105055145975
19 5.55756044693286
19 5.28170595777497
19 5.28170595777497
19 5.55756044693286
19 5.23962893743384
19 5.42742091123799
19 5.30575136180128
19 5.17263904611937
19 5.61533959369732
19 5.47979057310801
19 5.28170595777497
19 5.36497303787093
19 5.36497303787093
19 5.22271820537643
19 5.49506383946765
19 5.25754359191311
19 5.03955597089636
19 5.18779535064345
19 5.02184599962932
19 5.02184599962932
19 5.18779535064345
19 5.09225702463379
19 5.18779535064345
19 5.09225702463379
19 5.02184599962932
19 5.18779535064345
19 5.02184599962932
19 5.18779535064345
19 5.52974302370988
19 5.36345253400871
19 5.09225702463379
19 5.44486771837504
19 5.36345253400871
19 5.52059076007766
19 5.19746419571605
19 5.35405659988574
19 5.01188474996783
19 5.02184599962932
19 5.52974302370988
19 5.19746419571605
19 5.69628693072143
19 5.01188474996783
19 5.18779535064345
19 5.52974302370988
19 5.35405659988574
19 5.1559719845527
19 5.36345253400871
19 5.52059076007766
19 5.52974302370988
19 5.44486771837504
19 5.27361609748238
19 5.52974302370988
19 5.10259840026083
19 5.19746419571605
19 5.35405659988574
19 5.19746419571605
19 5.36345253400871
19 5.18779535064345
19 5.18779535064345
19 5.32305196664388
19 5.36345253400871
19 5.36345253400871
19 5.34465091894314
19 5.24821588552755
19 5.43135862636836
19 5.35382267621463
19 5.25504840608792
19 5.41999383468021
19 5.00648501189301
19 5.64195815810585
19 5.41205017668206
19 5.6117137767951
19 5.97663470372858
19 5.07348465002711
19 5.4311734367954
19 5.30741806795794
19 5.26835281488237
19 5.12375874567676
19 5.73926065846848
19 5.32836398334203
19 5.28254418426312
19 5.55757994057211
19 5.37582124811871
19 5.15974400374937
19 5.00725501064375
19 5.1678143704027
19 5.23610058872792
19 5.35120078173426
19 5.12154621762083
19 5.12154621762083
19 5.45611554822763
19 5.24683183714014
19 5.4233467406328
19 5.33026461316981
19 5.33026461316981
19 5.33026461316981
19 5.23610058872792
19 5.66215356837845
19 5.47007299393727
19 6.68084242196959
19 5.50230572645246
19 5.58796077735768
19 5.62993058268288
19 7.16383632189644
19 6.34850511305798
19 5.32571284840277
19 5.32571284840277
19 5.00820045214783
19 5.14911022353344
19 5.50680875712136
19 5.50680875712136
19 5.15974400374937
19 5.0307545927708
19 6.74842686928147
19 5.36151291690241
19 5.05600860243118
19 5.20895569605939
19 5.09287107427045
19 5.42792774585873
19 5.12125381303195
19 5.17867232747012
19 5.20218165641679
19 5.6250669196877
19 5.26512661758496
19 6.60709798465178
19 5.3100009751598
19 5.06550200475044
19 5.36683468042019
19 5.46750958037467
19 5.47095020770393
19 5.34992394836278
19 5.5346164335247
19 5.5339926370684
19 5.5339926370684
19 5.72216473683811
19 5.346181169625
19 5.07558996306711
19 5.25453182464755
19 5.25453182464755
19 5.55678070136249
19 6.45676303868432
19 6.08673477826491
19 5.65133459858956
19 5.36304316758426
19 5.730878393587
19 5.00512045714486
19 5.32682398584054
19 5.05232430461118
19 5.57001688241953
19 5.21543733111309
19 5.49504434582839
19 5.05232430461118
19 6.05934621510564
19 6.26629068948202
19 5.11218927077639
19 5.60627505144176
19 6.17534311551791
19 5.00697235287449
19 5.57941281654249
19 6.80413969028445
19 5.54374920351767
19 5.12549367957084
19 5.41993535376243
19 5.59655747227102
19 5.80466181818332
19 5.95685840670005
19 5.39242008194798
19 5.41991586012317
19 5.51912873713321
19 5.12125381303195
19 5.11328091457491
19 5.20260076966087
19 5.45012125415541
19 5.74560583804737
19 6.25135856180942
19 6.25135856180942
19 5.15974400374937
19 5.15974400374937
19 5.2698733187446
19 6.21295609246867
19 5.24887866926237
19 5.43550102471096
19 5.28874316154757
19 5.3847298412602
19 5.11281306723268
19 5.07932299498526
19 5.17982245218641
19 5.17982245218641
19 6.14393886267123
20 5.44999890069359
20 5.48643612037722
20 5.27240932590251
20 5.70921864103229
20 5.53396454686956
20 5.76271138259542
20 6.77660772581476
20 5.3438787550113
20 5.94036609031239
20 5.87990412567902
20 6.45962438491527
20 6.65786109721349
20 6.087594416935
20 6.087594416935
20 5.05225073169044
20 6.62087490001164
20 6.41019779886842
20 5.5631813164831
20 6.13986824231361
20 5.01504122159982
20 5.57684992621631
20 5.00213559756989
20 5.47961577256616
20 5.56715442496239
20 5.33135462383301
20 5.54466495612293
20 5.22670462133509
20 6.40477315661215
20 5.50038387122139
20 5.03674909532861
20 5.36728938951692
20 6.06810106268648
20 7.11246100581496
20 5.08492885107985
20 5.32176147431977
20 5.43492528070189
20 5.20021412990524
20 5.81759982971334
20 5.49251209189239
20 5.04518846158322
20 5.04518846158322
20 5.31076331454805
20 6.10687376299845
20 5.01085410493546
20 5.22408069489209
20 5.02075430967075
20 6.01975382226866
20 5.54134317690253
20 5.37505881710523
20 5.37505881710523
20 5.48059276645451
20 5.15316954800523
20 5.00933743823259
20 5.50564102881109
20 5.50564102881109
20 5.24779838461977
20 5.50740892251382
20 5.39534307116813
20 5.28275615641533
20 5.40707630253204
20 5.35225298834002
20 5.25776372228095
20 5.28795748578284
20 5.08510564045012
20 5.08510564045012
20 5.34532098408457
20 5.29347517507609
20 5.29347517507609
20 5.64489522436402
20 5.46638448390678
20 5.4728512529773
20 5.4728512529773
20 5.4728512529773
20 5.4728512529773
20 5.4728512529773
20 5.29347517507609
20 5.41279869530667
20 5.4728512529773
20 5.4728512529773
20 5.66787784249951
20 5.40399644560781
20 5.58065555002903
20 5.24483018413992
20 5.46523070064816
20 5.29347517507609
20 5.53474614198024
20 5.53474614198024
20 5.53474614198024
20 5.53474614198024
20 5.53474614198024
20 5.29347517507609
20 5.75681220045052
20 5.71417804810363
20 5.4728512529773
20 5.70947917273585
20 5.53474614198024
20 5.66787784249951
20 5.4728512529773
20 5.31518304880488
20 5.64489522436402
20 5.23053815925891
20 7.05988012521429
20 5.91526199973362
20 5.01002598630629
20 5.23201760714698
20 5.17778979399166
20 5.33748642357037
20 5.24242957058569
20 5.01831647730172
20 5.68966945856158
20 5.18069286154562
20 5.02728621166715
20 5.10437568180988
20 5.10437568180988
20 5.1952454181302
20 5.1952454181302
20 5.1952454181302
20 5.35447681252398
20 6.16142724078322
20 5.67353510234824
20 5.27761065527002
20 5.27761065527002
20 5.35447681252398
20 5.15710543766972
20 5.1952454181302
20 5.43430186555408
20 5.53594644875736
20 5.68972528678377
20 5.37235114832895
20 5.07683375886208
20 6.71797878781001
20 6.15336006267655
20 5.63806557184926
20 5.64489522436402
20 5.04338334906569
20 5.02639296011209
20 5.502309944887
20 6.47301385353753
21 5.0131510055996
21 5.39462949328791
21 5.37284256328569
21 5.02717239488092
21 5.15850574557364
21 5.77229921513345
21 5.76826350210315
21 5.03160279867213
21 5.28902011293748
21 5.12853884955157
21 6.1012542298137
21 5.04315737069776
21 5.2447752786395
21 5.931754282541
21 5.76021181058059
21 5.15850574557364
21 5.0346715193382
21 5.24609749268854
21 5.33226835306417
21 5.33226835306417
21 5.15942340159276
21 5.13811996777265
21 5.58367650049467
21 5.43318091335977
21 5.29585813037024
21 5.04315737069776
21 5.20650014210027
21 5.0820048088403
21 5.55788345926922
21 5.18839370344353
21 5.68171768550466
21 5.36865884122005
21 5.18839370344353
21 5.00840484919966
21 5.36865884122005
21 8.11789707087511
21 7.93623078089737
21 7.88446708760405
21 8.11789707087511
21 5.05735637082149
21 8.11789707087511
21 5.06743085249371
21 5.59333655686794
21 7.04237461466501
21 7.08722135237338
21 6.736518876767
21 5.70590236187941
21 5.85365484822598
21 5.50492582642415
21 5.49584793892322
21 5.50492582642415
21 5.88606882696569
21 5.49791019814898
21 5.53313634856018
21 5.02657049147053
21 5.14908250365692
21 5.16584699372656
21 5.42447798208172
21 5.00153722995983
21 5.15746968232625
21 5.44505123799414
21 5.44505123799414
21 5.52159164380356
21 5.02713292580482
21 5.32211493323977
21 5.40123069626413
21 5.66302907797558
21 5.02713292580482
21 5.21694957999536
21 5.03733568197434
21 5.02713292580482
21 5.02713292580482
21 5.34241190561955
21 5.6794383463604
21 5.33226835306417
21 5.03321116352283
21 5.74693046647598
21 5.00840484919966
21 5.01778862204029
21 5.01778862204029
21 6.28917636835187
21 5.04632476405406
21 5.14908250365692
21 5.23790765939967
21 5.22471512071626
21 5.31969745232919
21 5.84532687317078
21 6.58885519584163
21 5.39470843144009
21 5.46407533266999
21 5.68388848468966
21 5.94052628470222
21 5.64147896242991
21 5.19754066182762
21 5.4867700514223
21 5.47702118962783
21 6.05880523847785
21 7.67764912888733
21 5.07751520143496
21 5.10627829063626
21 5.14803657314051
21 5.29366759664719
21 5.904856107185
21 5.36540264244254
21 5.50827083062286
21 5.32676241694948
21 5.32676241694948
21 5.91264138244394
21 6.2545718558891
21 6.2545718558891
21 5.28682957921443
21 5.74469059640781
21 5.00229700967458
21 5.70903028615961
21 5.02387672702732
21 5.12273689536619
21 5.10461072217141
21 5.0820048088403
21 5.0820048088403
21 5.16338017647088
21 5.0820048088403
21 6.745626366075
21 6.32313950832815
21 5.14908250365692
21 5.08860601181652
22 5.1449241825776
22 5.31015395094335
22 5.46578134464013
22 5.14914578122896
22 5.52347391544892
22 5.31015395094335
22 5.01586388095023
22 5.1449241825776
22 5.16277394756174
22 5.1449241825776
22 5.14914578122896
22 5.27103954711236
22 5.0039588161078
22 5.82246335314299
22 5.98328354814934
22 5.26785964163471
22 5.40721939080667
22 5.26785964163471
22 5.40721939080667
22 5.54664963049415
22 5.54664963049415
22 5.45179289345028
22 5.58673523698334
22 5.58673523698334
22 5.27625584526042
22 5.48430468566142
22 5.48430468566142
22 5.26189927693399
22 5.50825579637731
22 5.18010678209878
22 5.77808565748693
22 5.0039588161078
22 5.58769860736204
22 5.2585078999098
22 5.08954996650128
22 5.09557298943801
22 5.32466716485981
22 5.24735473389952
22 5.72738731227307
22 5.46719898722992
22 5.21708297362583
22 5.07928184807469
22 5.3363842549942
22 5.66024901238536
22 6.07835958901926
22 5.94817927142317
22 5.60335533408573
22 5.1566960986685
22 5.2776108296142
22 5.51069946758181
22 5.77841461322599
22 5.63681483211657
22 6.08420246952745
22 6.09398498662495
22 6.08420246952745
22 5.95085791101272
22 5.93110490210968
22 5.91572230516854
22 6.23733136606323
22 6.08874519163838
22 6.24653429447761
22 6.23733136606323
22 6.09398498662495
22 5.61079599961225
22 5.77283019794135
22 5.77283019794135
22 5.93116756034569
22 6.08420246952745
22 6.08874519163838
22 5.77362125817101
22 5.77362125817101
22 5.45357865317664
22 6.23733136606323
22 5.94019034633154
22 6.22142400639548
22 6.09398498662495
22 6.23733136606323
22 6.06960310053647
22 6.08420246952745
22 5.93116756034569
22 6.08360721628533
22 6.08360721628533
22 6.08360721628533
22 6.08360721628533
22 5.93116756034569
22 5.77283019794135
22 6.04666235387628
22 5.74874593847393
22 6.04666235387628
22 6.08360721628533
22 5.77362125817101
22 6.09398498662495
22 5.76820132075591
22 5.75437734743558
22 5.61630992438138
22 5.47282256391207
22 5.07159838188362
22 5.36680482857842
22 5.14558209405573
22 5.59417590250986
22 5.55236719453032
22 5.80569444273006
22 5.12859387981676
22 5.03986198534314
22 5.0068880886414
22 5.16216302976062
22 5.40721939080667
22 5.06720447308322
22 5.12249253408501
22 5.12249253408501
22 5.00991134852902
22 5.14558209405573
22 5.13793778926217
22 5.11673580865134
22 5.31460268570025
22 5.13793778926217
22 5.3079844095214
22 5.62546585911875
22 5.62546585911875
22 5.75317117639234
22 5.75437734743558
22 5.47282256391207
22 5.76379957967601
22 5.76379957967601
22 5.30227467776474
22 5.62546585911875
22 5.0039588161078
22 5.59448136141042
22 5.47282256391207
22 5.5968388775404
22 5.75317117639234
22 5.2756449274593
22 5.18838550153197
22 5.36982808846603
22 5.36982808846603
22 5.05373295234047
22 5.05373295234047
22 5.26762467324966
22 5.29891462985855
22 5.46578134464013
22 5.62182384915051
22 5.13334024119473
22 5.29891462985855
22 5.01305209260916
22 5.04374679597593
22 5.19003811250681
22 5.78659934530516
22 5.54093206645798
23 5.2406439858906
23 5.1890700236691
23 5.79231182362212
23 5.64916047285687
23 5.64916047285687
23 5.3491943296689
23 5.39508511690459
23 6.16045054339882
23 5.54367291799308
23 5.26578437823051
23 5.42182496567763
23 5.05607692280364
23 5.2185068282363
23 5.09436178423497
23 5.40651102110509
23 5.09436178423497
23 5.13257007594344
23 5.84751008605911
23 5.38806622564218
23 5.3606797880983
23 5.0891635508273
23 5.24827543493591
23 5.53827049865777
23 5.34532330479084
23 5.99341794684741
23 5.09823280911303
23 5.62945653084022
23 5.11032231757834
23 5.24181805497449
23 5.10308222489433
23 5.67225900592044
23 6.86650846566242
23 6.8524706831376
23 6.86650846566242
23 6.86650846566242
23 7.01880564443625
23 7.01880564443625
23 6.86650846566242
23 7.12969561863536
23 7.12969561863536
23 6.71978386116359
23 5.34178408204519
23 5.13225528930501
23 5.24986638362206
23 5.52132306666417
23 5.13225528930501
23 5.32877573690552
23 5.19147771606578
23 5.13444178028008
23 5.223135042596
23 5.0705400926777
23 5.19842854535232
23 5.16388709259427
23 5.3919542660142
23 5.37909055257328
23 5.08982715509211
23 5.06330850774067
23 5.13028149200455
23 5.4481564425954
23 5.020752757323
23 5.04334933331447
24 5.32079427196052
24 5.31600778921908
24 6.74446379732713
24 6.33222576343275
24 6.55188293175012
24 5.29418602011554
24 5.92674355850001
24 5.50511801325109
24 6.20073878642646
24 5.91382358755769
24 5.87048030841558
24 5.02373208292584
24 5.32896308475727
24 5.02373208292584
24 5.02373208292584
24 5.21814099633952
24 5.05266292694979
24 5.56160204205975
24 5.24546457125103
24 5.73117776457132
24 5.73117776457132
24 5.80166799564555
24 5.0821236399119
24 5.11932043937127
24 5.65177690418691
24 5.89065065266182
24 5.56185814537987
24 5.53013665828157
24 5.08175273165519
24 5.12465445334882
24 5.08653921439663
24 5.08653921439663
24 5.08653921439663
24 5.23737523879501
24 5.81844717868752
24 5.81844717868752
24 5.35637497115848
24 5.11617655033814
24 5.0710493791042
24 5.0710493791042
24 5.13232872180328
24 5.93760587173244
24 5.06215641209196
24 6.15427811169813
24 6.15427811169813
24 5.51137046672146
24 5.56971786796269
24 5.06458497805856
24 5.04297515653029
24 5.30942858323683
24 5.09089297083858
24 5.09089297083858
24 5.13890792778553
24 5.09089297083858
24 5.14614063879152
24 5.48273988176248
24 5.48273988176248
24 5.35429965115065
24 5.16922526219769
24 5.16922526219769
24 5.03881568536567
24 5.21309841027796
24 5.81140875295886
24 6.06866012243922
24 6.37153320749581
24 5.79912462474234
24 6.22925456644885
24 6.25506801488658
24 5.95100272471911
24 5.95100272471911
24 5.79201554982193
24 6.10298679848351
24 5.34301344276768
24 5.04655177186292
24 5.06063745446921
24 5.10221450381743
24 5.90324387109227
24 5.31716466973408
25 5.32116317012345
25 5.15410780884543
25 5.57516350205136
25 6.51993028038974
25 5.35078879632435
25 5.71612899319306
25 6.15809850126552
25 5.26737046896569
25 5.19653688162038
25 5.44362973133965
25 5.03647101751126
25 5.19204428435276
25 5.08377542403505
25 5.51859140501808
25 5.58648156656736
25 5.26737046896569
25 5.09143926643276
25 5.09371745977334
25 6.02459637150755
25 6.02459637150755
25 5.38290220965316
25 5.30280093179838
25 5.08503298675905
25 5.65736071777947
25 5.34445541883754
25 5.58253573570147
25 5.58253573570147
25 5.62036285792846
25 5.15901959368772
25 5.15901959368772
25 5.49886225068867
25 5.24802405111748
25 5.65320529312625
25 5.41158010742438
25 5.57728677824478
25 5.16860623126488
25 5.14987948200531
25 6.19485942900911
25 5.22292747327766
25 5.5701970405689
25 5.33106875476829
25 5.46651190525243
25 5.19268217848812
25 5.17965091258001
25 5.30168917344818
25 5.30558032767389
25 5.26737046896569
25 5.22006606244189
25 5.37895637878728
25 5.96075228133114
25 5.04566580583384
25 5.04566580583384
25 5.65736071777947
25 5.39100346517226
25 5.3939195526482
25 5.08746609724679
25 5.16841486302427
25 5.05035888411543
25 5.09601387866065
25 5.08746609724679
25 5.16841486302427
25 5.32887257638798
25 5.08746609724679
25 5.08746609724679
25 5.25149601776853
25 5.07890920305958
25 5.07890920305958
25 5.05166201070624
25 5.24408733302496
25 5.05504284962366
25 5.05504284962366
25 5.04754303714648
25 5.11490465784073
25 5.47211626087026
25 5.12094642657995
25 5.19506061233569
25 5.47272681668554
25 5.62603100295982
25 5.3747918413607
25 5.21821616944934
25 5.53944143047107
25 5.44099613983794
25 5.27888901449566
25 5.44099613983794
25 6.12504647228039
25 5.61843094997565
25 5.14212451187398
25 5.13437865451601
25 5.43627572323626
25 5.07716866334737
25 5.71979232808472
25 5.53842991262785
25 5.40529229380438
25 5.40529229380438
25 5.26737046896569
25 5.12264140242534
25 5.80403991781935
25 5.98095529987541
25 5.45098373944304
25 5.19653688162038
25 5.19653688162038
25 5.44362973133965
25 5.62737058064408
25 6.32111690394403
25 6.19485942900911
25 5.80403991781935
25 6.11249818336047
25 6.11249818336047
25 6.15809850126552
25 6.15809850126552
25 5.98095529987541
25 5.95676999937181
25 5.55712932356733
25 5.6007886207462
25 5.6007886207462
25 5.6007886207462
25 5.72032998171309
25 5.43627572323626
25 5.62737058064408
25 5.6007886207462
25 5.6007886207462
25 5.59363509365678
25 5.22447664474925
25 5.59684278988031
25 5.5076560769833
25 5.61881368645686
25 5.16538942226798
25 5.33639061441189
25 5.5076560769833
25 5.25848551493743
25 6.69072187874631
25 5.46109891787522
25 5.65197506872234
25 5.41745784624307
25 5.41745784624307
25 5.58895112814855
25 5.55986315557603
25 5.62737058064408
26 5.47153719621736
26 5.28105753058009
26 5.28105753058009
26 5.20903198752618
26 5.09140005518386
26 5.11590635818449
26 5.12245032132742
26 6.1256398711385
26 6.13544742615656
26 5.55290047129445
26 5.15055580405667
26 5.94941429957795
26 5.07686910112802
26 5.5874995789886
26 5.34321679074158
26 5.17241935271112
26 5.66672348149974
26 5.51458472812296
26 5.23613909639132
26 5.9138671561977
26 5.59622486317918
26 5.82541458771577
26 5.69135562994543
26 6.17487899894088
26 6.14318272617936
26 5.98423992907321
26 5.14232551194999
26 5.29832352564182
26 5.40403369948914
26 5.37901562501194
26 5.48651280417906
26 5.00762054756168
26 5.00045574688981
26 5.4541285763179
26 5.11506738855078
26 5.0182335134281
26 6.21849703019741
26 5.26687055407407
26 5.36891443062209
26 5.36891443062209
26 5.06644909827735
26 5.16293060615388
26 5.68149773674935
26 5.08191969832295
26 5.00330824364442
26 5.50816661042509
26 5.06399930694692
26 5.4293370236418
26 5.02353580151314
26 5.05104561580246
26 5.05104561580246
26 5.05104561580246
26 5.05104561580246
26 5.0647627693136
26 5.87321907744451
26 5.76474030380595
26 5.93886845128223
26 5.93886845128223
26 5.08491481991529
26 5.91856538614647
26 5.05045833705886
26 5.05175035029477
