"c" "real.starts" "ends" "z.fst"
1 53626988 53726988 5.3886113093009
1 63426988 63526988 5.06445959200878
1 63476988 63576988 7.7584384669548
1 63676988 63776988 6.62709069257363
1 63726988 63826988 5.96101369943458
1 67676988 67776988 5.20887781077941
1 67776988 67876988 5.440110337549
1 68376988 68476988 5.02289217281007
2 42952010 43052010 5.62490799400088
2 43002010 43102010 7.88582703647531
2 43052010 43152010 8.01745284867286
2 43102010 43202010 8.1494985241636
2 43152010 43252010 5.2239519302331
2 43552010 43652010 5.1085843916647
2 43852010 43952010 5.99625845761458
2 43902010 44002010 6.5166809600737
2 43952010 44052010 5.78441816691306
5 41772330 41872330 5.48263433210777
5 41822330 41922330 5.79977743953019
6 28417326 28517326 5.63847698596686
6 28467326 28567326 7.46669031043486
6 28517326 28617326 6.59482330001951
6 28567326 28667326 5.62935619883509
6 28617326 28717326 5.33008195170145
6 96567326 96667326 5.58689291996
6 96617326 96717326 5.48003903798387
6 96867326 96967326 5.11427437203006
6 97017326 97117326 5.01155343147105
8 56025812 56125812 5.10232450494698
8 56175812 56275812 5.77822488006413
8 56225812 56325812 5.24844438218866
8 66575812 66675812 5.05661167844742
8 66625812 66725812 5.88888896650385
9 57600517 57700517 5.17909640504487
9 57650517 57750517 8.00289795793117
9 57700517 57800517 6.29887146441304
11 33959351 34059351 5.37860543195172
11 34009351 34109351 5.01100236538433
13 78536713 78636713 5.27838581467706
13 79886713 79986713 5.21059429598505
13 79936713 80036713 6.17035655244564
13 80286713 80386713 5.70152309802443
13 80336713 80436713 6.06076102803673
14 65860419 65960419 7.30074007932068
16 9150317 9250317 5.62198145191968
16 10150317 10250317 5.14019402442115
16 11250317 11350317 5.79635443985839
16 40350317 40450317 6.45751703006696
16 95500317 95600317 6.24295808534228
17 30800532 30900532 6.04910059153541
18 4251520 4351520 6.08258346502526
19 70501987 70601987 5.21306903005979
19 70551987 70651987 5.44070511207858
19 70701987 70801987 5.15707263647648
19 70751987 70851987 5.38937915580442
19 70901987 71001987 5.02906821620673
19 73201987 73301987 7.20030712098882
19 73251987 73351987 6.9933446959021
20 36658757 36758757 5.86046937484749
20 36708757 36808757 5.43448522489748
20 37508757 37608757 6.91801226522551
22 39653460 39753460 5.95926780469734
22 39703460 39803460 7.78721703825613
23 200506 300506 5.08734061370929
23 600506 700506 5.13113761025787
23 650506 750506 5.67024183811953
23 900506 1000506 6.57681081876493
23 950506 1050506 6.68793605525667
